 1.11985904615e-01 -1.82591141464e-03 -3.31976598733e-03  2.33187322456e-04  3.11870815902e-03  1.54990389169e-03 -1.34402573679e-03  5.65519601715e-03  2.15113145766e-03  5.62379819906e-03 -2.01008760921e-03 -2.43394892164e-03  2.11907609589e-03 -2.34005484468e-03 -1.15271757563e-03  2.74233787442e-03 -7.92303417341e-03  3.40410734561e-03 -3.23216596093e-04 -2.16093049067e-04 -1.04932964362e-03 -8.91411245972e-04 -5.42196159534e-04 -7.17752220952e-03  2.61306387952e-03  7.33112990439e-03  1.81190463857e-05  1.38272908414e-03 -1.22033608271e-04  1.64683085587e-03  4.01341473362e-03  5.02149748658e-04 -2.77081188381e-03 -2.29205837525e-04 -6.92205354424e-04 -2.39294845087e-03 -3.76767140050e-03 -4.97949924055e-03 -3.38862239834e-03  1.12691809163e-03  5.62534888932e-03 -6.12228229512e-04 -5.25842209841e-03 -1.98352319707e-03 -4.60611243086e-03 -4.90198824247e-03  4.72402452366e-03 -2.08852955602e-03  4.94130261797e-03  1.61669860953e-03 -1.50584215230e-03  3.74293973661e-04  3.46416040201e-03 -2.97549435402e-03  3.16847391968e-03  2.83120496327e-03 -3.27777757717e-03  5.99968867730e-04  1.29855579073e-03 -3.64061259354e-03 -3.75013482360e-03 -3.16806102497e-03  2.05219204811e-03  5.01872704244e-04 -8.01583645323e-04  3.21391795549e-04 -2.82161839752e-03 -5.01239575760e-04  2.85395951865e-03  7.08731568975e-03  1.01676327076e-04 -1.50134051602e-03  3.21715178352e-03 -3.78796320891e-03  2.53530424860e-03 -3.93189775472e-03  3.87190510104e-04 -3.39953256267e-03 -8.79002908066e-03  2.19596340748e-03  8.19629683094e-04  3.39701976274e-03 -7.47535745869e-03  7.91149879445e-04  2.48371511658e-03  2.02886375319e-03  3.00625015247e-03  4.06583180394e-04  1.29657112161e-03 -3.11528155335e-03  1.65303261785e-03  1.25296221170e-03  6.69076876054e-03 -1.79590327206e-03 -2.15036685507e-03  2.09121021928e-03 -2.53793263260e-04  3.25645111638e-04 -1.78487010230e-03 -1.78163915812e-03  2.09875791848e-03  1.04340844938e-03 -5.50857806306e-04 -1.46181050116e-03 -2.39351644121e-03  2.83786432914e-03  7.70526645267e-04  5.40618721424e-05 -1.04180399954e-03  2.40984644619e-04 -2.09351717391e-03  4.39833819639e-03  5.80928692675e-03 -2.91120498385e-03  2.35179191423e-03 -3.04377695502e-03 -1.88073417471e-03  2.87999446086e-04 -1.88999553563e-03  2.98579279793e-03  1.89674554735e-03  5.30491481269e-03 -2.52349771203e-03  3.72457338964e-03 -3.47393508535e-03 -1.55839267888e-03 -2.24410233613e-04  4.81349825817e-04
-1.82591141464e-03  9.60617603285e-02  1.76086150905e-04 -1.26894472615e-02  3.94356558158e-03  3.70321369499e-03  1.08737120230e-04  7.90982934266e-04 -3.70677958396e-03 -1.78559867562e-03  1.13586363157e-03 -1.68630561819e-03 -2.63235341093e-04  8.89123641615e-04 -2.77907780029e-03 -4.62179785255e-03 -1.19447523843e-03 -8.58624305152e-05 -3.60339856697e-04  1.22388863445e-03  1.66486145078e-03  1.26126111863e-03  1.80889099031e-03  5.88461716737e-04 -7.46940084196e-04  3.12048161318e-03  3.22668134512e-04 -4.56116411188e-04 -4.73659818766e-03  1.75277639072e-04 -4.03751345806e-03  2.62856155755e-03 -2.71098975031e-03  1.02350304967e-03 -1.11057409916e-03  1.52065706988e-03 -1.39556858616e-03 -1.95549001476e-03  1.54143961835e-03  1.14847415479e-03 -3.43236578404e-03  1.12268053306e-03  4.30671671237e-03 -3.20388788788e-03 -5.94676733023e-03 -3.70899190436e-03 -6.54779996537e-04  2.77423805259e-04 -2.32991281683e-03  2.21163248664e-03 -5.49610498720e-03  3.08720770033e-03 -5.96403894104e-03  1.63901861347e-04  2.29472691563e-03 -3.31058989989e-03  3.09665032712e-03 -2.46981812574e-03 -3.16709731146e-04  1.88324377115e-03 -3.64718796643e-03  4.40081796422e-03 -9.61336481622e-04 -2.87606863231e-04  2.47246057064e-03 -1.18679402377e-03  5.09118270695e-04  3.54639763324e-03  4.06725117160e-04 -1.56326182390e-03  5.79018883791e-04 -4.12023075283e-03  2.88462202232e-03  2.48715826382e-03  1.78822987488e-03  2.19680824994e-03 -1.44789862598e-03 -1.16997266979e-03  4.06233224888e-03  6.06606401567e-04 -7.50655000108e-04  1.35387203442e-03 -2.12499881789e-03  7.63413748046e-04 -9.86975734044e-04  1.19882720107e-03  4.36848166852e-03  2.86854424447e-03 -3.56464330143e-05  2.49483039154e-03  1.10729489100e-03 -3.14709641326e-04 -2.15917809764e-03 -1.88628535244e-03  9.05364672562e-04  1.67380021002e-03  8.91724124597e-04 -3.97853287085e-03 -5.25866336131e-03 -2.46265166430e-03 -5.12008333016e-03  3.79681679888e-03 -1.67670350282e-03 -1.58736925903e-03  5.16604131047e-04  5.34074645575e-03 -5.28047222643e-03  4.37886502195e-03  2.68721103402e-04  3.01807492033e-03 -8.51563190521e-04  2.24111935599e-03  1.40535088519e-03  3.82699893451e-04  2.57557323017e-03  3.17281826863e-03  9.57158662747e-04 -2.08172430887e-05  4.70557130162e-04  1.45413799642e-03 -6.64804451160e-04  1.21704567611e-03 -9.17807366587e-04  3.88153834038e-04  2.51685889566e-03  1.74980789866e-03 -3.71500176074e-03  1.06533017228e-03
-3.31976598733e-03  1.76086150905e-04  8.44081152693e-02  1.07670021175e-02 -3.73800425101e-04  8.38083913665e-03  1.18712628544e-04  5.19783432824e-04  2.83269371012e-03 -7.98710348347e-04 -1.10671468033e-03  3.79445175742e-03  1.34955085365e-03 -4.67353643807e-03  4.75656880403e-04  4.29294280625e-03  1.01296454729e-03 -8.06603324229e-04 -2.66229384281e-03  1.23574980182e-03  2.36776469937e-04 -1.01227152118e-03 -2.86243724921e-04  8.66015396245e-04 -6.96797651153e-04 -8.96454071789e-04  8.02429076944e-04  3.05528547421e-03 -1.45216700362e-04  2.37695309714e-04  1.34393717331e-03  1.87205623557e-03 -8.86030475414e-04 -2.72791530797e-04  5.42950434445e-04  2.52711903964e-03  8.85841659166e-04  2.27101509048e-04  1.03961935471e-03  9.81825567553e-04 -9.03054463813e-04 -1.15103121202e-03  3.02045126957e-03  1.26178439859e-04  4.85546051621e-04  4.11764943598e-03 -1.11597359640e-03 -3.65009877078e-03 -1.36820817378e-03  1.23204911829e-03 -1.38250002989e-03  6.61833923878e-04 -4.96043393798e-04 -4.51251995044e-05 -3.70528102641e-03 -2.45469183781e-03 -8.78169806672e-04  2.74782383311e-03  4.41731184778e-04  1.95516765745e-03 -2.89966527982e-03  2.66420970394e-03 -3.45864352725e-05 -7.48049775271e-04 -1.05783777121e-03 -1.37000772451e-03  5.85064511321e-04 -2.79906305766e-03  1.69795696245e-03 -3.88705976321e-04 -1.40148479274e-03 -2.07011164220e-03  1.75963711156e-03  6.17783833073e-04 -2.12638747997e-03 -4.97898414314e-04  5.28848657353e-03 -8.38004706703e-04 -1.49943183199e-03  4.02522784638e-04 -4.82780512509e-04  1.06595134166e-03 -1.72246389249e-05 -2.90092227948e-03  3.41454438119e-04  3.44209002788e-04  2.15158350680e-03  4.37919557855e-05  9.27199804214e-05  1.11625264781e-03 -4.40457923660e-04 -7.15574455611e-04  3.50913149826e-03  6.38135663636e-04  1.63772209021e-03  2.47652823219e-03  1.34380192092e-04  2.71278985104e-03 -1.11291960941e-04  1.40693856614e-03  1.34117497528e-03  1.32926526901e-03  2.50452480923e-03 -1.03912819783e-05 -4.13848824215e-03 -2.04362068762e-03 -1.62167763591e-03  7.53881485337e-04  1.03709016191e-03 -4.62436105031e-03 -1.31094144840e-03  2.72847903553e-03 -4.19224016980e-03  1.44873292108e-03 -2.08018674221e-03 -6.48039508781e-04 -2.77309818937e-03  1.05057157314e-03  3.86663442030e-03 -6.36048717695e-04  1.63317336674e-03 -1.19690247529e-03 -3.16825870485e-03  1.91233832721e-03 -3.14342633816e-03  2.30677311933e-03  1.75722761154e-03 -7.06340972338e-03
 2.33187322456e-04 -1.26894472615e-02  1.07670021175e-02  6.85845300666e-02  1.12913007509e-02 -4.99282178385e-03 -3.72526169684e-04  1.04915981312e-03  2.38914085523e-03  3.56358368210e-03 -2.88316125824e-03 -8.85780526705e-04  2.71824000206e-03 -1.14973493861e-04 -5.83100855385e-04  9.91216154524e-05  9.62657538724e-04  9.49740885151e-04 -3.85092497556e-03  6.51675257009e-04  1.36036949803e-03 -1.67306050266e-03  2.83825071210e-04  2.28424244830e-03  4.01945402924e-03 -1.01545906310e-03  5.33647437056e-04  1.01529550579e-03  1.83790961798e-03  1.73616829806e-03  3.58736025250e-03 -2.86675192244e-03 -4.00701588113e-04 -2.03511880046e-03 -1.24651043588e-05 -3.27967735447e-04  1.33757099459e-03  2.23064477756e-03  3.20624068410e-04  8.90561574377e-04  2.19405674761e-03 -3.08294972308e-03 -2.28678407601e-04  3.09128202568e-03  2.32387118632e-03  5.59155524871e-03  8.70964969809e-04 -2.50650878258e-03  7.72275695861e-04  7.79690143817e-04  4.20724028072e-03  1.10566261285e-04  1.70488811206e-03 -2.65056060666e-03 -3.30525788149e-03  1.20119908556e-03 -3.41771216746e-03 -1.56830977362e-05  1.59887863876e-03  8.90756614512e-04 -3.51429409654e-03 -2.03078192582e-03  1.43249101611e-03 -3.68206259759e-03  2.36560619171e-04  1.37356787072e-03 -9.36882657826e-04 -2.03212800730e-04 -1.36962115817e-04 -7.98477674738e-04 -1.90027626418e-03 -2.60747922037e-04  1.79449235122e-03 -1.91009858214e-03  2.17270018198e-03 -2.29419718316e-03  1.89138682805e-03  1.08287324714e-03 -2.16261956089e-03  1.59111941967e-03 -9.67826578623e-04 -2.21059078772e-03  7.12820762079e-04 -4.09782997025e-05  1.86184053912e-03 -1.76254610811e-03 -5.06349813388e-04 -2.49689640570e-03  8.71185580590e-04 -6.68023865041e-04 -3.97011274318e-04  2.15812867846e-03  5.04326504475e-03  1.08257902689e-03  1.70754249426e-03  6.05964213453e-04 -1.31315783133e-03  1.08471371616e-03  3.63164789843e-03 -1.99757576775e-03  2.71935186445e-03 -1.90903033343e-03 -2.25796557525e-03  2.47186710463e-03 -2.13159395273e-03 -2.99963467279e-03  3.42176602531e-03  5.65294193471e-03  3.60461331205e-04  2.18428518086e-03 -7.16591307745e-04  1.60958142320e-03 -2.08464651146e-03  7.85078211061e-05 -2.36650790550e-03 -6.15911763475e-04  4.83489234470e-04  1.10132909116e-03  8.16743200709e-04  2.39927375986e-03  4.10691140236e-03 -1.76601812625e-03 -4.64934329375e-04 -7.23493805100e-04 -1.97137421933e-03 -1.12818997506e-03  2.76352170870e-04 -2.19405636579e-03
 3.11870815902e-03  3.94356558158e-03 -3.73800425101e-04  1.12913007509e-02  9.90052310402e-02  2.86339509410e-03  2.82736743493e-03  3.14088799227e-03 -2.57348222951e-04 -2.88995044039e-03  4.63532222515e-04 -7.69992460134e-04  2.97287090223e-03  2.48862890111e-04 -5.18814786358e-03  9.32833575792e-04 -3.92168050006e-03 -2.14888638813e-03 -1.72770070172e-03  4.06560952266e-03  4.42715604349e-03  1.37764788876e-04 -1.07608790452e-05  8.62841331385e-04 -5.51092888493e-04  1.34000925831e-03  1.82078668155e-03  2.98552299172e-03  1.06678642310e-04  3.20328928341e-03 -2.56099882015e-03 -9.60502219619e-04  2.07734381639e-03 -6.33612058749e-04  2.44571817107e-03  7.40935558284e-03  1.88793403866e-05  2.14722142479e-04  1.59469880374e-04  2.58130064504e-04  6.80230628799e-03 -3.36116119278e-03  9.84985998621e-04 -3.68396135934e-04 -6.11903745675e-03  7.19874537679e-04 -3.29036512742e-04  1.70049223215e-03 -1.31061869836e-04 -5.02986417296e-04 -2.33415154159e-03  1.52195948056e-03  4.37148294583e-03 -3.24019056523e-03 -4.28686280522e-04 -4.74635253497e-03 -2.53543765383e-03 -3.06038190391e-03  2.16601163474e-03 -4.30639264377e-03 -1.85126698596e-03  2.24715420533e-03  3.35165623374e-03 -6.62302282634e-03  1.04567615082e-03  8.11629437168e-04 -2.58436192492e-03 -3.70297215021e-04  9.05914758404e-04 -4.53555232372e-03  4.80562376357e-04 -8.03168582036e-05  5.13551792183e-03 -1.88389209984e-03  1.96891879156e-03  1.86510012919e-03 -3.36996140506e-03  3.77392453350e-03  1.58743518716e-03  7.84843533607e-05 -2.48814559353e-03 -2.83075324016e-03 -6.55028020745e-04  3.34719813148e-03  3.56324888654e-05  3.35973376583e-04  5.03369114868e-04  4.87143095235e-04 -3.76006369568e-03 -2.62679344349e-03 -1.12947870649e-03  3.88658708936e-03  2.52128251986e-03  5.53440758364e-04 -2.41978833836e-03 -4.80436799171e-03  4.97905958214e-04 -7.47320041490e-04  1.35499885773e-03 -3.97129419041e-03  8.73448910813e-03 -4.26008841045e-04 -2.68998350912e-03  2.50363533527e-03 -3.05812134018e-03 -1.42035009025e-03  1.23966248757e-03  3.27814838909e-03 -3.89069341897e-04  1.30331609476e-03  5.87704779420e-04  7.56557381317e-04  4.02487211474e-03 -3.83481734230e-04 -1.20486763544e-03  3.26367629095e-03 -3.39772612544e-03 -3.71555088151e-03  8.92544646995e-04  3.15697205054e-03  3.09549799139e-03 -5.09684237684e-05  1.00696516289e-03  5.50372810709e-04 -1.93780265487e-03 -3.88311244833e-03  3.98665872658e-04 -2.67123536886e-03
 1.54990389169e-03  3.70321369499e-03  8.38083913665e-03 -4.99282178385e-03  2.86339509410e-03  9.73317484187e-02  1.15964423487e-03  5.83799026959e-04  1.96216268827e-03  2.20275818059e-03 -5.07655993296e-04 -4.88713835095e-03  1.44775564249e-03 -1.43939786568e-04  1.84312646253e-03  5.89423223714e-04 -2.35089602791e-03 -3.78498702834e-04  3.10699387721e-03  2.01366462107e-03  1.12909390961e-03 -3.56495167261e-03 -3.50600020836e-04  1.66409693805e-03 -4.05992630077e-03 -1.72788270931e-03 -6.69642721817e-04 -8.44799074948e-04 -7.94277372437e-04  1.10801450352e-03 -1.86343832723e-03 -4.94773545883e-04  3.54666902775e-04 -3.00363752001e-04  4.12343171618e-03  1.46015782267e-03 -1.95609719070e-03 -2.20051566082e-03  6.81039378213e-04  1.29839002124e-03  3.94344619582e-03 -1.57416852565e-03  3.47220682658e-04 -1.61090417093e-03 -1.75665874586e-03 -1.73189415457e-03 -1.73799934030e-03 -2.99648063524e-03  2.32873939365e-03  5.57952465383e-03  2.51303355143e-03  1.94314972833e-03  1.39260870608e-03  5.77788478563e-04  2.54873357255e-03 -1.35478139315e-03  2.02092015671e-03 -3.16951324145e-03  1.97078706347e-03 -1.30779191706e-04  5.72983566419e-03  3.95409690113e-03 -6.82245263535e-04  3.22584171071e-03  1.49000539958e-03 -4.18358532400e-03  5.08507906771e-03 -3.37405945583e-03  5.27922438375e-04  4.71592857879e-03 -7.03988668098e-04 -1.13525642886e-03  5.14037644312e-04  8.80586971525e-06 -2.06089614612e-04  1.81256278406e-03  7.79654996689e-04  7.46368461004e-03  4.50952505102e-04 -3.94764064540e-03 -1.99167616793e-03  6.73821366739e-04 -2.29999594173e-03  5.56457618536e-03 -1.73881776241e-04  2.20294464340e-03  1.77377412546e-04  1.55267304150e-03 -2.12646307014e-03  2.35522671601e-03  7.20513817571e-05 -1.79705070226e-03  1.78004232886e-03  1.49555554938e-03  6.10777668617e-04 -3.37461275773e-04  9.58551902297e-04  2.53463388118e-03 -1.50061013062e-03  1.03532643882e-03 -1.55069746255e-03  2.56610479978e-03  2.76308210713e-03 -5.77577696317e-03 -1.41094348678e-03  2.25180165681e-03  2.19694762908e-04 -2.87123771728e-03 -2.22638424484e-03  1.15495157897e-03 -3.08475957835e-03  1.36440931697e-03 -2.72524299901e-03  2.58999602243e-03  1.51258507990e-03  9.25640079089e-04  2.66815810242e-04  4.53389291898e-04  1.14891058112e-03 -2.16193649303e-03  6.34170913599e-04 -1.49543406019e-03 -1.26071971383e-03  2.13906514116e-03 -2.08500468750e-03 -1.86760131075e-04 -1.87867709399e-03 -1.63733106485e-03
-1.34402573679e-03  1.08737120230e-04  1.18712628544e-04 -3.72526169684e-04  2.82736743493e-03  1.15964423487e-03  6.07799287488e-02  1.97241480987e-03  9.58543694516e-03 -2.59002210560e-03  1.45724834428e-03  7.77195792176e-04 -7.84452974554e-04  2.28326351351e-03  3.57022467103e-03  2.99201420130e-03 -1.50906881184e-03 -1.87381689409e-03 -1.41223443957e-03 -7.21318410074e-05  2.29897930011e-03  8.44859819776e-04 -1.30587245582e-03  1.86129696357e-03 -3.56709956489e-03 -1.81791762075e-04  4.78074404097e-04 -1.51995744348e-03  1.99218319573e-03  8.16150461486e-04  1.41207190170e-03 -1.65163065839e-03 -3.47462567482e-03 -3.15951579661e-03 -6.06730563165e-04 -4.69498353548e-04 -2.25894116297e-04 -2.29102610914e-03 -9.39751840949e-04  3.72838249007e-04 -1.86650072580e-03 -7.59020392920e-04  1.64701846726e-04  3.13055499785e-05  1.66962411443e-03 -4.28945747934e-04 -1.59925406206e-04 -2.14040175519e-03 -4.86539835957e-04  5.57885987194e-04  1.00456651956e-03  7.56669206189e-04 -9.22346192718e-04 -3.88760840571e-03 -1.88048620096e-03 -6.02174960440e-04 -8.11758324530e-04  1.56704779053e-04  2.00383022425e-03 -8.70890780981e-04  1.48968916409e-03  3.20945442967e-03 -7.32280098111e-04 -6.60863350484e-04 -4.92469686590e-06  6.65457100570e-04 -3.05365753363e-04 -1.26598345472e-03 -9.73285339997e-04  2.08407234317e-03 -2.11757779871e-03  1.35518337548e-04 -1.20880043738e-04 -2.95237913553e-04 -9.66367438381e-04 -1.17649335623e-03 -1.16825641976e-04  4.77921981275e-04  1.03529680755e-03 -1.01264193504e-03 -2.33192648665e-04  1.33736557272e-03 -2.85238999646e-04  7.57673438895e-04  9.24743025652e-04 -9.71414333323e-04  1.30616525795e-03 -3.15176478678e-03 -1.36533293727e-04 -6.16950954231e-04  1.46255680678e-03 -2.64237883254e-03 -2.46112205125e-03  4.39580276887e-05  1.21579861224e-03  1.65572113370e-03  1.36720984743e-03  8.94877839230e-04 -1.00996275358e-03  7.31642420436e-04  2.28470447649e-04  1.38907098751e-03 -4.90452676736e-03  1.77424373242e-03 -1.93288208370e-03  3.52048947246e-04  1.41932642574e-03 -3.27125333342e-03 -5.32315258007e-04  1.35959546662e-03 -4.66396489214e-04  1.99150312061e-03  2.47945325308e-03 -1.20052287593e-03  5.27846271161e-04  1.79308766349e-03 -5.04759374193e-04 -1.26340899757e-03  3.32864164123e-03  6.78722302227e-04  2.36170910702e-03 -5.86108731985e-04  1.05422896610e-03  1.75487186034e-04  1.66228702416e-03  5.15970929638e-04 -1.79733921379e-03  1.55997322761e-03
 5.65519601715e-03  7.90982934266e-04  5.19783432824e-04  1.04915981312e-03  3.14088799227e-03  5.83799026959e-04  1.97241480987e-03  8.11727574784e-02  9.10948744896e-03 -4.60213749430e-03 -5.07695107441e-04  1.01871775947e-05  5.68035995666e-03 -1.12111656954e-03  1.05059923087e-03 -3.37845262458e-04 -2.89720915294e-03  6.37408098889e-04  4.10662067833e-03 -1.71924004739e-03  2.77356154493e-03 -8.98946083540e-05  6.87715709240e-04 -4.46304965391e-04 -2.58843330185e-03  2.40193361124e-03 -1.02096170165e-03  1.71880292930e-03  5.94218381019e-04 -9.81558372910e-04  2.84125936982e-03  3.23937787805e-04 -4.26308688160e-04 -9.11969630931e-04  3.86988823369e-03 -5.03204956816e-04 -7.81991286595e-04  2.41510076532e-03  7.12717189831e-04 -2.21055782422e-03 -4.21606398819e-03  5.75899131341e-04 -3.42655394843e-04 -9.78686517454e-04 -3.39583989061e-03  3.29903444129e-03  8.94036149288e-04 -1.75497499772e-03  2.42124238951e-03 -2.71190736155e-03  1.58853731718e-03  2.96049095123e-03  1.00966432944e-03 -9.48259177404e-04 -6.41178495322e-04 -7.00563222763e-04  1.22125853741e-03 -8.91068752188e-04 -2.01437366997e-03  3.54625652177e-04  1.12515318076e-03  2.49173412188e-03  1.87669798565e-03  9.79226587286e-04  1.39922762500e-03 -2.00379261965e-03  4.91019627655e-03 -7.12097418470e-03  3.50956973719e-03 -1.73931108937e-03 -2.53234462043e-03 -4.80886612042e-03 -1.64293665172e-03 -5.40743937787e-04 -3.67402978455e-04 -1.07536455112e-03  2.67201930395e-03  6.19962786316e-04 -5.54731741069e-03 -1.32182410112e-03 -1.86791220701e-03  1.70698150733e-03  1.58179042323e-04 -1.33011822572e-03 -1.78931051458e-03 -1.08005936822e-03  2.66094459711e-03 -2.50051458300e-03  1.69699743070e-03 -1.44892360318e-03  9.28190309116e-04  7.50705373348e-04  1.10840727945e-03 -3.40374794904e-03 -2.88974034780e-03 -1.25277399595e-03 -1.38816052860e-03 -1.95258892739e-03 -1.53117790851e-03 -3.70703763033e-04 -2.64446207383e-03  1.96048774144e-03 -1.12988815554e-03  3.49683239782e-04 -4.44326458226e-03  1.69669731401e-03  3.05632369598e-03 -2.47888476039e-03 -2.65306482141e-03 -1.58458245041e-03 -3.08444851552e-03  2.73163568787e-03  8.15610736624e-04 -1.86255312185e-03  7.88231146303e-04 -1.67118318266e-03  2.43299689585e-03  7.10663263304e-04 -3.02409714257e-03 -4.00777567270e-03 -9.06309546185e-04 -2.69290423847e-04  2.29551840755e-03 -2.46940975130e-03 -1.87301393316e-03  1.92166361819e-03  2.37652886950e-03 -1.43408464826e-03
 2.15113145766e-03 -3.70677958396e-03  2.83269371012e-03  2.38914085523e-03 -2.57348222951e-04  1.96216268827e-03  9.58543694516e-03  9.10948744896e-03  7.32706651559e-02  1.09986211775e-02  3.39333235313e-03 -1.90800773390e-03  3.92817653646e-03  8.06119103697e-04  2.05759941625e-03  1.73777949708e-03 -9.04312053947e-04 -2.02713001454e-03  1.72392452587e-03  4.63601798548e-04 -3.63916856819e-04  4.55095213458e-03  1.84263369074e-03  1.82078651524e-03  1.65126019322e-03  6.00761108347e-04  8.96891633503e-04  2.00260454154e-03 -9.56371978542e-04  2.85886556071e-05  1.09255399813e-03  2.71065694209e-03 -1.06885669027e-03 -2.09122302872e-03  1.97416112623e-03 -1.73137606284e-03 -3.17239956732e-03  1.24148818472e-03 -3.93752749470e-05 -1.93056242952e-03 -2.30033892098e-03  9.99287823817e-04 -5.24378321278e-04 -3.19365956765e-04 -3.97307096774e-04 -2.24347502825e-03  1.64979564622e-03  2.08521049945e-03  1.15336809270e-03 -1.90452277450e-03  1.99070508601e-03 -1.16173268497e-03 -7.59819192876e-04  2.80453951949e-04 -9.49052932776e-04 -2.61958826707e-03  2.55887004745e-03 -5.06724533713e-04 -2.77578634760e-04  7.89212136251e-04  2.28183850536e-03  1.55808891554e-03  1.96414517843e-04 -3.21727247590e-04  2.43919669182e-03 -1.20262965676e-03  3.96857779661e-04 -1.36908074113e-03  4.42176732625e-03  7.32544338750e-04  1.69475144986e-04 -3.72596327283e-03 -2.78291970682e-03 -1.84156615382e-03 -2.39184577915e-03 -1.62698134429e-03 -3.45905205704e-03 -4.40104244714e-03  4.53967682359e-04  1.35214317158e-04  3.88995618418e-04  9.80843336748e-04 -5.45985734257e-04  1.09937433219e-03  7.48329477435e-04 -6.97384440074e-04  1.52539656856e-03  1.12354280838e-03 -5.12946379771e-04  5.88435619510e-04 -5.65612618421e-04 -1.52685391861e-03  7.79729092980e-04  8.96077784713e-04  1.06067627212e-03 -1.88650911216e-03 -1.13924082663e-03  3.55684274799e-04 -1.39092307981e-03  3.75838072945e-05 -8.98605135490e-04  1.94435411970e-03 -5.08574501001e-04  2.79038348449e-03  1.20697374804e-03 -4.05151864974e-03  4.72058697377e-03 -7.96586067995e-04  3.21841062387e-04  1.14317896508e-03  1.75763857970e-03  4.75088880916e-05  2.11672245792e-03  4.77807116272e-04 -1.49439507159e-03  9.68071700185e-04  1.00045742104e-03  3.30673454848e-05  1.19612511838e-03  1.21302900508e-03  1.43062315526e-04 -2.10506605539e-03  1.48556030655e-03  3.81931349090e-04 -3.62916280233e-04 -8.13291649617e-04  3.43779978103e-05  2.74307420883e-04
 5.62379819906e-03 -1.78559867562e-03 -7.98710348347e-04  3.56358368210e-03 -2.88995044039e-03  2.20275818059e-03 -2.59002210560e-03 -4.60213749430e-03  1.09986211775e-02  7.86518960427e-02 -1.37709522817e-02 -6.83530776773e-03  6.47056240498e-03  2.19607036063e-03  7.87709801155e-04  5.63345097770e-04 -5.63203522301e-04  9.29784523414e-04  7.32863047729e-04  2.90771063055e-05 -3.73861278271e-03  1.84677890041e-03  2.21363740673e-03  3.03558056369e-03  2.00080293173e-03  3.13286046220e-03  3.26940611411e-04  9.81920840526e-04 -9.51395677330e-04  1.14123744080e-04  2.00109420530e-03  1.51564530057e-03 -1.42834124955e-03  1.80748391369e-03  2.83240887625e-04 -4.04532638365e-03 -1.70842067297e-03 -1.02470827911e-03 -2.21434518919e-04 -1.27619656435e-03  2.76745583243e-03 -3.92634348596e-04 -2.28444855477e-03 -5.45905616599e-04  4.13994284624e-03 -2.93364822476e-04  4.94222293340e-04  9.34718553409e-04 -5.62725592584e-04 -1.41630766298e-03  3.27563375527e-03 -4.50102269890e-03 -1.58792191209e-03  4.12534090556e-04  2.54318805718e-03 -1.82199816785e-04  2.21378055474e-03 -2.01774797195e-03 -2.03580795469e-04 -1.21423398461e-03 -7.03501469163e-04 -1.25263584029e-03  1.72203095443e-03  3.67811682190e-04 -6.00087823448e-04  4.71770831994e-04  5.13639733486e-04 -5.32677059003e-04 -1.02492870467e-03  4.38049028067e-03 -7.91645535587e-04  1.85850867635e-03 -1.07236460291e-03  9.24568989115e-04 -2.32018985115e-03 -1.04699426991e-03 -2.75920294630e-03  1.51874064838e-05  2.72904898213e-03 -1.44562131777e-03  9.57284791969e-04 -1.63246346326e-03  1.39665582247e-03 -4.20600805433e-03  3.19615123923e-03 -8.52174351912e-04  1.49320374589e-03  1.15400897886e-03 -3.27050344940e-03  3.69472589102e-04 -2.87320440381e-03 -5.24065634112e-04  6.27306110586e-04  1.74228949080e-03  8.05038572969e-04  1.03073635355e-04 -3.74121454670e-03 -2.05347598866e-03  2.26633791764e-03 -9.90733588296e-04  1.40811394391e-03 -3.43355350927e-03  9.55463953031e-04  2.70960461805e-04  2.44385860336e-03 -2.62571342434e-03  3.94502741898e-04 -2.81322418970e-04 -3.64400587204e-03  2.89708221773e-03 -2.19026064266e-03 -1.40149537477e-03 -2.90414325976e-03  2.77761104945e-04 -4.04938643590e-03  1.15077043086e-03 -2.66596425663e-03 -1.39576350868e-04 -7.88899440625e-04  1.25005560011e-03 -1.94050772016e-03  9.60234101946e-04  1.07161047583e-04  7.05767090431e-04  1.66347516509e-03  4.61479723097e-04  1.17132997114e-03  2.59419240376e-03
-2.01008760921e-03  1.13586363157e-03 -1.10671468033e-03 -2.88316125824e-03  4.63532222515e-04 -5.07655993296e-04  1.45724834428e-03 -5.07695107441e-04  3.39333235313e-03 -1.37709522817e-02  8.20290028044e-02 -1.83101677856e-03  5.10759462446e-03 -6.30206251380e-03  7.67412256973e-05 -7.59063441540e-04  5.13694886663e-03 -2.91718769001e-03  2.84640543963e-03  5.65738796092e-04  2.68418568167e-03 -3.78994394669e-03 -3.61111552023e-04 -6.53830697859e-04 -3.85942354660e-04  1.03318432418e-03 -8.98881802950e-04 -1.35678669551e-03 -2.86105244325e-04 -1.55667115085e-04 -3.65358587332e-03  5.61673598174e-04 -1.94269508597e-03  1.11056742116e-03 -1.82304015843e-03  3.25376386211e-04  1.11239968560e-03  2.61766115355e-03  7.20864032907e-04  1.13931747544e-03 -3.28448443522e-04 -6.53449201189e-04 -2.14828355917e-04  2.20169053336e-03 -6.32239607575e-03 -2.56597159436e-03 -8.71349459719e-04 -4.48800271446e-05  3.81680293606e-03  4.70299288587e-04 -3.09440910622e-03  1.86345754201e-03  1.88090378849e-04 -6.99059055909e-03  3.98105071768e-03 -3.21573037354e-03 -1.92024836789e-03  6.36584999034e-04  3.96623327529e-03  1.40351982984e-05  2.04957207852e-03  2.08876666156e-03  1.47023119606e-03 -7.18777027971e-06  3.53490549386e-04  2.26777554567e-03  4.47752133492e-04  3.26916393898e-04  1.56024156391e-03 -1.72827232533e-03 -1.39768604513e-03 -2.76651287864e-03  7.84274727818e-05 -4.12793755133e-03  1.24962463051e-03  8.04214635907e-04  3.70428290122e-03 -2.91218503586e-03  7.35706283849e-04  3.45045018110e-03  3.50779580092e-04  1.03891467771e-03 -4.24751893215e-03  1.38369709116e-03  2.33663399522e-03 -2.91169344805e-03 -2.18606503598e-03 -2.45451353697e-05 -1.25051068342e-03 -1.61521759018e-04 -8.88394239452e-04  1.19138161518e-03 -1.68229345403e-03  1.10656348150e-03 -1.35097723153e-03 -1.17522960835e-03  2.01886169003e-03  1.06741254659e-03 -1.30403948343e-03  1.02020117360e-03 -5.41255753583e-05  1.17768899989e-03 -1.45636898473e-03  4.33402822268e-04 -2.41582308746e-03  8.30259783848e-04  2.32811982937e-03  2.58606868044e-03  5.52723133426e-04  1.96412102080e-03  3.75414353993e-03 -1.73808438632e-03  2.46624537226e-03 -1.07034198267e-03  1.27209118313e-03  5.71556781307e-04  3.17909055184e-03 -2.77799465478e-04  9.11674879393e-06 -7.68793065400e-04  5.06436779244e-04 -1.61786060796e-03 -6.23023638813e-04 -5.88570097428e-04 -2.94564583988e-04  7.78816178737e-04 -2.71269195301e-03  1.36433146617e-03
-2.43394892164e-03 -1.68630561819e-03  3.79445175742e-03 -8.85780526705e-04 -7.69992460134e-04 -4.88713835095e-03  7.77195792176e-04  1.01871775947e-05 -1.90800773390e-03 -6.83530776773e-03 -1.83101677856e-03  8.51725549724e-02  3.15695727231e-03 -4.79583796241e-03 -5.74674704606e-03 -1.49335051811e-03 -9.32219686335e-04 -3.99126122197e-04 -6.29729332486e-04  2.25773689850e-03 -1.75925040480e-03 -3.74939211407e-03  2.89110538465e-03 -3.03401916897e-04 -2.38104581055e-03 -1.40200421158e-03  1.37391661224e-03  1.15331283335e-03  1.93524512042e-03  7.44813992722e-04 -8.30984104119e-04 -7.16826690209e-04 -5.62706457480e-04 -4.30408076118e-04 -8.88941828349e-04 -4.20901355793e-03  7.88228420105e-04 -2.63831408355e-03 -1.79706721959e-03  3.67607066694e-03 -1.24830782027e-03 -5.02395961517e-04  5.70542229839e-03  1.74009573546e-03 -2.62501717600e-03  1.02846823756e-03  6.52842993720e-04 -2.98914460672e-03 -7.44280480747e-04 -1.75218091878e-03 -3.19130493043e-03  3.39546320119e-03  2.84605396305e-03  5.48154179803e-04  5.86791062645e-04 -2.73165256165e-03  7.82394508560e-04 -4.36776608855e-03  3.01588759526e-04 -9.13904098783e-04 -2.42136032132e-03 -3.37365697857e-03 -2.69536079503e-03  7.05502932722e-04 -4.78277576170e-04  5.23185985784e-04 -3.08073698103e-04 -1.53515113138e-03  2.34924451002e-03  3.19051435484e-03  3.90886937272e-04 -1.03986469545e-03  1.57658854503e-03 -1.20771985307e-03  2.52600747964e-03  3.55900100599e-03  2.51001659545e-03  4.87199900577e-04  1.19583502981e-03  9.30913464382e-04  1.24784162197e-03  2.47496564412e-04  1.97617128132e-03 -1.58019080364e-03  3.50365174302e-03  1.57572530717e-03  1.20243057523e-03  3.18301015707e-03 -2.64909869905e-03  5.04702652971e-04  4.40363093820e-04  6.59443449245e-04  1.91704785939e-03 -2.23653957804e-04  1.86795026597e-03 -6.00265963642e-04  8.47913305657e-04  4.60222201339e-04 -1.49642107432e-04  1.99474105190e-03 -4.84535293501e-04 -1.57406632507e-03  5.92382233610e-03  6.33829840760e-05  1.69373628552e-03  1.45295816925e-03  2.89435380550e-04 -1.86805804598e-03 -3.81453337663e-05  8.39446955601e-04  1.87787249656e-03  9.21956970541e-05 -1.32025415923e-03  9.23481198129e-04 -2.69549301653e-04  4.70007397029e-04  9.00931550014e-04 -3.03180196991e-04 -1.60622794524e-03  1.61626383159e-03  3.77473250413e-03 -4.01695874994e-04 -1.63450870685e-03 -8.00984325478e-04 -4.26256657855e-03  1.98109507388e-03 -5.67921019249e-04 -2.23729897770e-03
 2.11907609589e-03 -2.63235341093e-04  1.34955085365e-03  2.71824000206e-03  2.97287090223e-03  1.44775564249e-03 -7.84452974554e-04  5.68035995666e-03  3.92817653646e-03  6.47056240498e-03  5.10759462446e-03  3.15695727231e-03  1.00264001095e-01 -5.71560558973e-03  1.13378043787e-03  6.93481670200e-03  3.33316588352e-03 -9.10231425440e-04  1.04475260939e-03  1.10953233772e-03 -2.36945306044e-03  1.78459569712e-03  4.01741095542e-04  3.33762174812e-03 -5.65578167988e-03  1.67635189301e-03 -4.36328625416e-04  3.80398094590e-03 -1.33602441538e-03  1.55996475640e-03 -3.93735437981e-03 -4.20669120540e-03  1.19519310816e-04  4.45977613594e-04 -6.34996657298e-04  3.67469535688e-04 -2.47511073219e-03  2.97341209349e-03 -3.89150128013e-04  1.79072385364e-03 -3.21162959566e-03  3.71764981166e-03 -3.13666448159e-03 -1.94100909952e-03 -2.47625225508e-03  2.26144696911e-03  8.25795593126e-04 -9.68970708597e-05 -6.81411731041e-04  5.79732903218e-03  3.04915851194e-03 -7.46434030602e-04  6.20733163055e-03  3.62217577279e-03  4.33908884428e-03  5.16061110965e-03 -1.82881651224e-03  5.25974348627e-03  2.45303988083e-03 -3.98022690774e-03  2.00107706078e-03  4.55304311724e-03  3.55860084261e-03 -4.13674732401e-03  2.88576439432e-03  1.53002999898e-03  2.65340745392e-03  5.96739584325e-04  3.27300305314e-03 -1.93105621817e-03  3.45534457610e-04  2.31159311316e-03  1.87468824605e-03 -3.27155581888e-03  5.88641747992e-04 -2.27169746170e-03  2.62559442155e-03 -2.85467491800e-03  3.63265557180e-03 -9.16461401749e-04 -3.03304013402e-03  1.67524417190e-03  6.63487029846e-04  3.02507505942e-03  2.56593501284e-03  2.87332021760e-03 -3.22606923550e-04  5.41086566825e-03 -8.24818805970e-05 -8.60440710540e-04 -2.13042325959e-03  1.65711637350e-03  3.77058721696e-03 -3.24683208259e-03 -1.99980910788e-03 -3.75116220480e-04 -2.41453603787e-04  8.53534711171e-04  1.95124384681e-03  4.13981798686e-03 -1.80118238748e-03 -2.67461670132e-03  8.53996567609e-04  4.99792632351e-04  4.22143396029e-03  1.15355961503e-03 -1.73159053390e-03  2.09966623381e-03  2.17686359634e-03 -5.91099398007e-03  5.40413530303e-03 -1.62509874292e-03  2.23894536185e-03 -3.16637267224e-03 -2.85721535708e-04  4.16308748278e-04 -3.55667002940e-04  1.89613415299e-03 -1.64081128858e-03  2.12544415489e-03 -1.71544751359e-04 -4.79201241761e-03  3.55825906579e-03 -5.55026836610e-03  1.02145777809e-03  2.43785626538e-04  4.61135903435e-03  4.99109390803e-03
-2.34005484468e-03  8.89123641615e-04 -4.67353643807e-03 -1.14973493861e-04  2.48862890111e-04 -1.43939786568e-04  2.28326351351e-03 -1.12111656954e-03  8.06119103697e-04  2.19607036063e-03 -6.30206251380e-03 -4.79583796241e-03 -5.71560558973e-03  6.89241009721e-02  3.44523406186e-03  3.07577911669e-03  7.37207590907e-04  5.23243000652e-04 -1.44111476886e-04  2.46188129912e-04  7.38834683385e-04 -1.08980925158e-04  3.72580300779e-04  3.30965694969e-04  1.43485544497e-03 -3.10829750687e-04  5.03780665053e-04 -1.20312729612e-03 -3.35464382943e-04 -3.33984454906e-04 -2.80410243553e-03  1.21737325868e-03 -5.43950222455e-04  2.01635466948e-04 -6.71807456348e-04  9.30516432265e-04  1.31817625291e-03  1.59485418831e-03  3.35104539804e-04 -1.90415289210e-03  2.65934824141e-03 -1.66572665563e-03  6.37736085159e-04  1.44503791615e-03  4.35380867390e-03  7.60692958778e-04  2.52972678588e-03  1.36931976207e-03 -8.10938713186e-04 -3.98675625554e-03  1.43663463351e-03  1.31092767840e-03 -2.49379953615e-03  1.97389421119e-03  1.27770266235e-03 -1.29075871562e-03  1.91366119358e-03 -1.54627040454e-03 -1.22102787089e-03  1.81262345800e-03 -2.59306146005e-03 -5.66489310924e-04 -1.39323358315e-03  4.12546079453e-04  1.00843179990e-03 -1.38361712476e-03 -4.38686064417e-04  5.20133946733e-05  1.81995756791e-03  1.49839220999e-03  4.54663495414e-04  1.04329547376e-03 -1.29229385651e-03  1.12413990236e-03 -2.38147172106e-03  1.27858021667e-04 -2.50980640039e-03 -1.19176272453e-03  8.13222319514e-04  2.65636502347e-03 -1.48129040738e-03 -1.86189479163e-03 -7.10865575378e-04  3.07685372161e-03  5.86036990469e-04 -3.69937397160e-04 -6.61370780876e-04  4.59000946545e-05 -2.74387917709e-04 -1.65964685652e-03  1.94643519387e-03  8.51661731901e-04  3.06770733248e-03  1.57083686136e-03 -1.04378690933e-03 -1.25575027395e-03 -5.47838706125e-04 -2.76148680067e-03  2.88912166162e-04 -3.26320443907e-04  3.64078522068e-04  3.28017907472e-03 -5.42618780005e-03  1.21152961097e-03 -2.85641982981e-03  2.54866334994e-04  2.73131205137e-03  3.06196505929e-03 -2.22397983801e-04  5.49603184025e-03  1.23293711769e-03 -1.74779076078e-04  6.17898167997e-04 -8.54875609454e-05  8.11059212454e-04 -1.77833468947e-03 -1.03226087689e-03 -3.23012412742e-04  7.64313222057e-04  1.78167072190e-03  1.96876778091e-03  1.93762225866e-03 -1.78409485581e-03  2.68715716246e-04  2.30534961178e-03  2.60883256337e-03 -3.80144824964e-03 -1.78458442491e-03
-1.15271757563e-03 -2.77907780029e-03  4.75656880403e-04 -5.83100855385e-04 -5.18814786358e-03  1.84312646253e-03  3.57022467103e-03  1.05059923087e-03  2.05759941625e-03  7.87709801155e-04  7.67412256973e-05 -5.74674704606e-03  1.13378043787e-03  3.44523406186e-03  8.00602555322e-02 -5.86335583590e-03  2.86235637043e-03 -9.83053885233e-03  2.14032805285e-04 -5.93045412453e-03  6.65100474359e-03 -5.78545513919e-04 -2.80495516824e-03 -3.24262144979e-03 -5.45912096889e-04 -1.94252644205e-03 -1.29741709796e-03 -1.14322907155e-03 -1.01404905937e-03 -1.07623671249e-03  1.26862115021e-03 -1.83243505129e-04  2.14028690066e-03 -1.11198674579e-03  2.41842677666e-04  3.86830530919e-03 -3.18673740878e-04  3.42099512880e-03 -2.31220532746e-03 -3.80605912447e-03 -5.16882710286e-03  8.65814446893e-04  8.52264040247e-04  2.85545744045e-04  1.02824078246e-03  9.38005509024e-04 -3.49667632466e-03  2.48863273550e-04 -2.45811580305e-04 -6.98163042597e-05 -8.88718963062e-04 -1.87183301935e-04  1.50875843735e-04  1.37734559841e-04 -9.98867180724e-04  1.14097534795e-03 -2.83376834168e-03  9.92277188063e-04 -2.55669733470e-04  3.20563392332e-04 -8.93230223743e-04  3.19795635151e-03  4.28922291536e-04 -1.88103562083e-04  4.71861274872e-04 -1.16005924324e-03  3.69570591711e-03 -2.94276102203e-03  8.96008340052e-05 -2.05899550621e-03  9.31485042963e-04 -4.96030369055e-03 -1.80425347707e-03 -3.90739840066e-04 -1.46269996117e-03  2.47224877053e-03  1.10238195144e-03  2.72570850121e-03  5.73742343658e-04 -4.27651678575e-03 -4.93293417369e-03  2.83452294267e-03  3.23673041972e-03  3.84434421936e-03  8.60327855781e-04  2.49850836805e-03 -3.51810009791e-03 -3.48164860831e-03  1.54593070274e-03 -6.56938322256e-05 -1.35796259550e-03 -8.53039360271e-05 -5.30847167209e-04 -1.79550138100e-03 -5.97631114654e-04 -1.72599413705e-03  1.96361028464e-04 -2.45956373822e-04  1.81182390765e-03 -1.02227555412e-03 -1.82085408240e-03 -1.64680625915e-03  5.60990452551e-04  2.68027048463e-03 -5.53521938921e-03  1.36755267477e-03  1.11250224676e-03  1.72966160705e-03 -4.52399619244e-04  4.31688871409e-03 -9.92615185569e-04  3.65692995623e-04  1.05307870352e-03 -1.16689716901e-03  9.79147788651e-04 -4.63486142551e-04  1.62507130252e-03 -1.49723902273e-03  2.95187992637e-04  2.22696092282e-03  5.08781353321e-04 -6.50962612619e-04 -1.85453079208e-03  3.93213851994e-03  2.93054899882e-03  2.91930206691e-04 -1.27571250380e-03 -3.03117180968e-03
 2.74233787442e-03 -4.62179785255e-03  4.29294280625e-03  9.91216154524e-05  9.32833575792e-04  5.89423223714e-04  2.99201420130e-03 -3.37845262458e-04  1.73777949708e-03  5.63345097770e-04 -7.59063441540e-04 -1.49335051811e-03  6.93481670200e-03  3.07577911669e-03 -5.86335583590e-03  9.27296141331e-02  2.51552037623e-03  6.69332305119e-03 -2.46834438137e-03  9.28682357149e-04 -3.25581118912e-03 -3.20571935112e-03 -3.89075503773e-03  3.86692620255e-03 -4.48881136832e-03  6.12157852947e-03 -7.91478245354e-04  1.89393295530e-03  4.58806400085e-04 -1.82939496570e-03  2.08613164035e-03 -7.76774949096e-03 -3.05123944117e-03 -1.88710300409e-03 -1.95856976275e-03 -3.36591652995e-03  3.24563473286e-04  4.08618853400e-03  3.52803886562e-03  1.85663181347e-03  2.32689174783e-03 -3.65478766079e-03  2.17728373140e-04  1.17348073053e-03  4.29789870544e-03  2.16622348988e-03  3.69108840889e-03  1.95653374316e-03  1.53156457570e-03 -5.71681896540e-04 -3.14573524716e-04  6.92213851641e-04  1.49952719575e-03  3.18851647178e-03 -2.35038884234e-03  3.21959757072e-03 -1.06205067868e-03  3.41981104208e-03 -2.32459444718e-03  3.79387338031e-03  1.35786222955e-03 -2.39022176298e-03 -1.59896406256e-03 -1.63894205182e-03  1.28057973603e-03 -1.97582659286e-03 -3.51331551400e-03  3.19630933137e-03  2.64918161205e-03  8.50301849677e-03 -2.18456649783e-03  3.67919483644e-03  1.03769516719e-03  1.77599181750e-03 -1.99973013567e-03 -1.74746536573e-03  2.81046493812e-03  3.42206089956e-03  3.12325885656e-03 -1.13657571281e-03  1.82251540386e-03  5.64263062998e-03  1.33262337699e-03  9.79719515114e-04  1.48638689350e-03 -4.36239894589e-03  5.54093412643e-04  2.01418614728e-03 -1.12463103058e-03  2.14998375814e-04  1.33631925864e-03 -3.17793986831e-03  1.52892750816e-03  1.96509783639e-03 -4.89113451309e-04  4.72440551137e-04  4.35820844129e-04  1.31811706958e-04 -2.11920494951e-03  1.09879870503e-03 -1.31086422432e-04  2.39697428815e-03 -3.23983161237e-03  1.77765809154e-03  1.81513393961e-03 -1.28194867786e-03 -5.85762914714e-04 -3.64989441393e-03 -2.31160222123e-04 -4.96605118509e-03  3.03890214766e-03 -1.56549928960e-03  1.78591125908e-03 -8.38608110675e-04  2.77489967766e-03  6.12178090610e-04 -2.39981162318e-03 -6.59290539381e-04  8.67019121124e-04 -2.78984579895e-03  3.89839904718e-03 -1.50572364937e-03 -1.62161938526e-03 -1.49260281471e-03 -1.15521591249e-03 -1.57235089795e-03  1.15733206290e-03  1.20368836749e-04
