 9.45673690773e-02 -1.15021078244e-02  5.52421734299e-04  6.79974521986e-03 -4.27615083138e-03 -5.96648144859e-03 -3.07489450070e-04 -1.59042618127e-03 -5.77841824722e-03 -2.20761467433e-03  1.28227713321e-03 -1.77430434838e-03 -3.08239990998e-03  1.13484323970e-03 -1.28835546848e-03  6.29282654455e-04 -2.18547179063e-03  6.90339245558e-03  6.11878967195e-03 -3.17545993074e-03 -2.12983339789e-04 -6.37709694512e-03  2.83242397852e-03 -2.92371497490e-03  1.31878113072e-03  1.26159095209e-03 -2.59109009612e-03 -2.45659512032e-03 -3.45563039078e-03  1.12202703093e-03  9.32377528807e-04  2.83574604690e-04  1.54122007962e-03  1.53807592342e-03  4.32192486814e-04  7.55230121924e-04  1.10124899144e-03  3.37674833327e-03 -2.29565463785e-03 -4.33338654749e-03 -1.59283249200e-04 -2.25415590789e-03  2.98180896353e-03  1.02609114492e-03 -1.55369139362e-03 -1.21528729174e-03  3.24544097040e-03 -1.70721819250e-03 -1.85620274815e-03 -1.87030044204e-03  9.37871821193e-04  7.66455421177e-04  2.11665744562e-03 -1.28309574974e-03  4.33402060574e-03  1.20436453255e-03 -3.22758522212e-03 -1.29725090910e-03 -1.40155968833e-03 -1.50723826983e-03  7.72311279527e-05 -3.89896321428e-03  1.92421996264e-03  9.70639933342e-04  1.13434600031e-03  3.19934950078e-03 -3.03508518901e-03 -7.06686403705e-04 -2.63224536394e-03 -9.02910461977e-04 -2.13920339049e-03 -5.31826927372e-04 -1.43307294776e-03 -3.37348890069e-03  6.49898141539e-04  2.03858677819e-03 -1.77057762659e-03 -2.29191257464e-04 -1.50283834207e-04  1.49342204264e-03  1.62494572664e-03  2.45198757338e-03  1.29094207324e-03  2.24976226994e-04 -3.55924810797e-03  7.83762258231e-04  2.09778658614e-04 -3.75858211783e-03 -1.64531708568e-04  2.35625012832e-03  1.18236245552e-03 -6.66295445430e-05 -1.56000771518e-03  2.43378040766e-03  6.14387037034e-04 -1.02184301544e-03 -3.82080702219e-04 -1.94182641326e-03  1.84479156015e-03 -1.31677431142e-04 -1.21863328552e-03 -1.79632798689e-03  1.49447709980e-03 -2.26591572480e-03  1.04076916422e-03 -1.48216814049e-03  2.21025234203e-03 -1.25814005011e-03  3.28309253278e-03 -5.16744580480e-05  1.10199498111e-03 -2.62778946737e-03 -7.11268748696e-04  1.61409784654e-03 -4.84603668013e-03 -5.28121932295e-04  4.41114679740e-03  3.68740172747e-03  3.12866545519e-04  3.34478173666e-03  1.77558929389e-03  2.18573424133e-04  2.86942242537e-03 -2.17106201315e-04  4.08909201642e-04 -9.07194713660e-04  1.81338309801e-03  1.80827020003e-03
-1.15021078244e-02  6.78550427948e-02  9.57166642034e-03  9.68902629647e-03  2.51884090142e-03  1.74451459711e-03  3.44764947218e-03  2.98761373021e-03  3.44639316441e-03 -2.31400632703e-03 -1.06474171628e-03  3.17789514153e-03 -2.51676864775e-03  3.64950634568e-03 -3.09770053854e-03 -1.94690825473e-03  3.46402675316e-03 -2.56099547106e-03 -4.88468963690e-04 -2.77561860788e-03 -1.03998662778e-03 -1.41278443217e-03 -2.44074739204e-03  6.83886894584e-04  4.85927054792e-04 -3.21856701883e-03  1.44243185473e-03 -4.79978679306e-04 -1.62112590507e-04 -3.24913976129e-03  5.69882202145e-04  8.67709855119e-04 -9.25537451586e-04  1.08740720657e-03 -1.39771732324e-03  1.99151180511e-03 -2.40330765850e-03 -1.81163911939e-03  1.69890106726e-03  2.12772749883e-03 -2.74318727386e-03 -7.29604377699e-04 -2.67339442347e-04  1.52583677635e-03  9.68432971482e-04  5.65850893184e-04 -1.86091175368e-03 -3.93068509813e-03 -8.41828086971e-04  1.07984861193e-05 -2.24771707589e-03 -4.53195235048e-03 -6.15728411121e-04  4.84578650224e-04  2.79048086947e-04  5.55222719019e-03 -5.12455371793e-04 -2.21576043242e-03  1.21133967316e-03  8.34979966378e-04  5.95237562184e-04  6.35373152947e-04  8.61195008035e-05  4.59629307970e-04 -4.01616019026e-04 -1.66477883500e-03 -1.29062785599e-03 -2.10111392219e-04  1.59260371960e-03 -9.23860595526e-05  5.39903828659e-03  1.64778803248e-03  7.71350191326e-04  1.37395700462e-03  3.09175383127e-03  5.60402162044e-04  2.48253367985e-03  2.51144277275e-03  1.64568782295e-03  3.99223395116e-04  3.48727674930e-03 -2.39110346064e-03 -6.86985216303e-03 -4.50823697147e-04 -2.92510990380e-03  2.41527589073e-03  1.08141922313e-03  4.93323895569e-03  1.24308783931e-05  9.37201194779e-06 -9.12655148815e-04 -7.99014919137e-04  1.60557529510e-03 -4.20079954324e-03 -6.85116720272e-04 -1.41732592469e-03  7.16943701284e-04 -1.54774557626e-03 -9.09194105400e-04 -4.18236274273e-04  1.09068147536e-03  3.44297531611e-03  1.59348457278e-03  3.68421219641e-03 -3.79661497579e-03  1.81582046618e-03 -1.30431206268e-03  1.84604270923e-04 -1.15480460843e-03 -1.81009968406e-03  3.17303159786e-04  1.17727220168e-03  2.83840302182e-03  2.49948552990e-03  4.62178320434e-03  7.20475220634e-04 -4.52011601550e-03 -2.54641837861e-03 -1.95267195104e-03 -1.64452173464e-03 -3.59261371411e-03  4.51513305901e-04  6.17807237760e-04  6.17176108771e-04  2.29146757075e-03  1.29025018441e-03 -3.48823086929e-03 -5.66653621876e-04
 5.52421734299e-04  9.57166642034e-03  1.04447218653e-01 -7.98976975433e-03 -2.92856236226e-03  5.15971090019e-03  2.01319789686e-03  2.45569440557e-03  1.69532307498e-03  4.28235083660e-03 -1.44390986394e-03 -4.62568019742e-04 -1.71083579025e-03  3.62735291902e-03 -1.42108399706e-03  5.63115151245e-04 -8.24703399593e-04  4.04252438884e-03  4.77349961306e-04 -4.91449916506e-03  4.66401885690e-03 -4.32480458806e-03 -1.47480030478e-03 -2.17523659976e-03  4.65132057436e-04 -1.05401769583e-04  1.19221850346e-03 -2.08003086972e-03  3.46370318916e-04 -1.92115229173e-03 -5.13687135523e-04  2.20279631476e-03 -4.22877122873e-04  3.29378103220e-03 -1.09572975151e-03  3.69488385670e-03 -3.84806962527e-03 -2.09764983765e-04  4.10788653639e-03  1.74559035444e-04 -2.52631450050e-03  2.68974765933e-03 -2.88197486832e-03 -2.62641986249e-03  3.57688692957e-03  2.63186686688e-03 -4.00336671978e-03 -4.22437614657e-03 -1.40464017499e-03  2.07043307195e-03  1.06837764084e-03 -7.38716921007e-03 -1.19749451796e-03  4.34733099261e-03  7.74814435881e-04  4.27105398783e-03  1.81508178670e-03 -2.09365143420e-03  1.27493273643e-03 -1.92615772534e-03  5.29403100415e-03 -2.86117674527e-03 -1.03780235678e-03  1.81096218289e-03 -1.44722574184e-05  1.54977257096e-03 -7.26996272409e-04  1.54396750801e-03 -2.03001996584e-03  5.14545568365e-05  1.20267856116e-03 -1.78192798225e-03 -3.33973236273e-04  2.68156501444e-03  4.51749074559e-05 -4.16673976340e-05  9.27392140645e-04  1.07265634927e-03 -1.46503840317e-03  1.31946405509e-03  2.74526397713e-03  2.28708186001e-03 -5.16702929898e-03  1.64166898541e-03 -1.16233824852e-03 -3.45251032760e-04  1.05648603718e-05  2.31204938622e-03 -6.41860750773e-04 -2.86773579075e-04 -2.76679136990e-03 -2.41393366966e-03 -3.23249532146e-03 -1.03756843369e-03  8.56041991153e-05 -2.81986599600e-03  5.70572980474e-04 -1.87585314975e-03 -4.16949534339e-03 -4.95492171056e-04  1.05062167928e-03  5.26674223393e-03 -1.64108909972e-03  7.68410142819e-03  1.81462406912e-03 -5.49575507483e-03 -2.65284501433e-03  1.59449157223e-03  1.99513275059e-05  2.48432744158e-05  6.52568814783e-04  4.12646710498e-04 -1.25335787906e-04  1.91146639986e-04 -1.35993887015e-03 -1.92778064919e-04 -2.91356222445e-03 -1.82161212974e-03  1.58589327278e-03 -2.62353378014e-03 -4.51112408021e-03  2.62366891695e-03 -1.66055782089e-03  2.77746134902e-04  1.09584617313e-03 -8.55990373742e-04 -8.18970483333e-03  2.99611551316e-04
 6.79974521986e-03  9.68902629647e-03 -7.98976975433e-03  7.64779143358e-02 -7.80923424568e-03  7.95099296743e-03 -1.94763423388e-04 -4.77594104176e-05  1.77259194611e-03 -2.88766702151e-03 -1.01144126509e-03  7.59482793272e-04 -9.83166722777e-06 -5.68413355562e-04 -4.68269953194e-05  5.45196248076e-04  3.13483069492e-03  5.85431042004e-05  3.09577110853e-03 -4.76211463448e-03 -1.60972181108e-03 -8.11128722029e-04 -2.14716446312e-04  5.83706951981e-04  2.32764989789e-03 -3.47536197102e-03 -1.49909546525e-03 -2.44297728628e-03  1.29284197183e-03 -1.42866444513e-03 -3.98092746589e-04  3.89431607145e-04  1.54234107724e-04  1.08119339861e-03 -7.69660609971e-04  1.81067983366e-04  3.21413960739e-04  2.19031847209e-03 -3.03992363909e-04 -1.66410231313e-03 -1.44899704530e-03 -6.41720109429e-04 -8.09880083139e-04  1.91769938631e-04  4.15647953786e-04 -2.12452567517e-04  1.08791862752e-03  4.45009011608e-04 -1.68013484039e-03 -1.75686655245e-03 -2.86489463078e-03 -8.86323182112e-04  2.09008243608e-03 -1.85400043915e-03  3.36578414800e-03  2.51971201252e-03  4.89376687738e-04 -1.98351337010e-03  4.84924101052e-04 -5.52706478972e-04 -1.52386687827e-03 -2.44828169539e-03 -7.75985929257e-04 -3.36211484453e-03  1.37353945160e-03 -9.42953693645e-04 -2.90379434532e-05 -3.29036376517e-03  1.33848730572e-03  1.70429342099e-03  4.32305851259e-03  2.16807108312e-03 -2.89500777079e-03  3.80548071408e-04 -1.05324184034e-04 -1.18344765579e-03 -4.15767483635e-04  2.41894368124e-03  1.25164410102e-03 -1.02667742696e-03 -8.53212044421e-04  3.95370284084e-04  5.04831994557e-04  6.21654988155e-04  5.98303349718e-04  1.22604528001e-03  1.11598214995e-03  1.32138970728e-03  1.12725791092e-04 -8.57955250905e-04  1.51331473822e-03  4.76629056700e-06  7.55581405390e-05 -2.37015937965e-03  1.56697980585e-03 -1.47128213234e-03  8.05259733391e-04 -1.65628909036e-04 -3.91343933261e-04 -1.93781527214e-03  6.01907074158e-04 -3.09926620274e-03 -1.11391307265e-04 -2.11618668981e-03  5.15454026290e-04  4.27720218050e-03  2.47878656430e-03  1.45753486708e-03 -1.36299743073e-03 -2.57648347985e-03 -3.51224728070e-04 -3.61252266899e-04  1.14697133749e-03  2.81487676929e-04 -4.28493250258e-04  3.75852325087e-04  1.34883727864e-03  1.00401833768e-03 -6.19318878431e-04  8.01958689396e-04  1.51001026343e-03  3.83953637953e-03  3.19278339159e-03  6.54083479104e-04  6.55467790353e-04 -1.16619401093e-03  4.95322643611e-03 -7.16952565297e-04
-4.27615083138e-03  2.51884090142e-03 -2.92856236226e-03 -7.80923424568e-03  6.23788221616e-02  1.14620818507e-03 -4.03162512597e-04  7.96332036933e-04 -4.20709273727e-04  2.95344276520e-03  3.85636602666e-04 -1.35049509357e-03 -4.08343924664e-03 -4.98594223833e-04 -6.76776176392e-04 -1.32855491579e-03  2.43885534150e-03  1.98688042215e-03  2.14616967567e-04  7.70349683660e-04 -9.01631075068e-04  4.61593332626e-03 -3.22526485933e-03 -6.13172820605e-05 -8.65207029223e-05  9.56691658341e-04  3.62840680184e-04  2.10648860899e-03  2.91527529300e-03  2.15916508315e-04 -1.93607823298e-05  9.24177380115e-04 -9.19613721704e-04  1.09067695878e-04  9.03405301912e-04  2.25252185577e-04  1.94797843234e-04  1.42380266864e-03 -1.06333843495e-03  1.13790704516e-03  1.98182750752e-03  2.48150222732e-03 -3.71435196619e-04  8.54341812893e-04 -9.52179087645e-04 -5.61590579872e-04 -6.99376724321e-05 -1.12632451286e-03 -6.87951372124e-04  8.55217791231e-05  3.77900571935e-05 -1.86444189497e-03  2.08113975954e-03 -4.16437598796e-05  6.37285556701e-04 -3.14761418835e-03  2.74414116773e-03  7.81403768641e-04  1.09992678120e-03 -6.02063447145e-04  1.26966865780e-04 -3.16032602374e-04  1.03752105117e-04  2.10988146864e-03  1.93122756872e-03 -5.43282818071e-04  5.62778219152e-04  1.49296597079e-03  1.36243093346e-05  7.37968013920e-04 -2.02681484674e-04  8.13406213039e-04 -7.88436726529e-04 -2.52261932198e-03  1.65068667677e-04  1.27621534627e-03 -1.33397456520e-03  1.45415275536e-04 -1.84621493020e-04 -1.07281030443e-03  1.62540925830e-03  1.24829958519e-03  1.33654343148e-03 -3.25953039648e-04 -2.06826018271e-03 -1.25309951271e-03 -1.05292055215e-04  7.56740896441e-04 -1.12717418607e-04  6.51304915606e-04  1.50710974389e-03  3.45075391890e-03  1.38070542994e-03 -2.12728012054e-03  1.05865735178e-03  2.32180400519e-03 -7.27686895897e-04 -1.11303216865e-03 -3.27964261615e-03  1.35420717957e-03 -9.53183388833e-04  1.02399883884e-03  2.15659677247e-03 -4.38056304466e-03  2.03001875739e-04 -1.28888641047e-03  1.20061628221e-03 -2.25001454116e-03  1.49775913922e-04  5.88187434574e-04  1.33621794197e-03 -2.33113518892e-04 -3.25851264129e-03 -1.14258641224e-04  5.12344794770e-04  3.73414983340e-04 -2.17878143021e-03  1.52681346450e-03 -9.14281803327e-04 -6.74659358700e-04  1.83064607957e-03 -2.33115315953e-03  1.34061919983e-03 -4.87428880258e-04  4.68520279257e-04  1.27544008368e-03  6.66895503703e-04  7.33637603597e-04
-5.96648144859e-03  1.74451459711e-03  5.15971090019e-03  7.95099296743e-03  1.14620818507e-03  1.04372485031e-01 -1.22424791014e-03  4.77688463946e-03 -1.25761489566e-03  4.05254342256e-03 -5.28982057461e-04 -2.62387370542e-03  2.05197653699e-04 -1.69595827038e-03  1.36473776870e-03  1.88765934546e-03  2.02441692880e-04 -2.53325923867e-03 -8.98841262444e-04 -1.70417092092e-03  1.09578869271e-03 -3.50095123173e-03  1.62043417724e-03 -1.86825967072e-03 -2.37677494877e-03  2.20230162513e-03  2.36691065768e-03  8.31044316244e-03 -5.36152405545e-04  1.93399592165e-03  1.26227150842e-03 -4.05744917303e-03  1.39834929701e-03  5.64414147538e-04 -2.20268416825e-03  2.81364436890e-03 -5.08537441987e-04  1.87601781137e-03 -3.10301169574e-04 -2.10040327604e-03  7.50114479011e-04  3.58400531086e-03 -1.55331565687e-03  6.23419579212e-04  6.14080046327e-03 -3.40564605367e-03 -8.42730739447e-04 -1.93866214534e-03 -2.75084244026e-03  9.02469415902e-03 -1.25409325004e-03  9.51059412576e-05 -1.05266791095e-03  7.89875692382e-04 -4.22338981959e-03  3.35369715231e-03  1.13043027206e-03  1.58434119047e-03  2.00725256690e-03 -1.64781526107e-04  9.90553969005e-04  1.49942418211e-03 -1.10257172325e-03  2.01398585220e-03  2.36796859588e-03 -2.69863149673e-03  7.86379091754e-04 -9.81870480371e-04  1.51833821856e-03  1.48214036862e-03  9.92523167508e-04  4.37400058157e-04 -3.40854654735e-03  2.92807783233e-03  8.89086394765e-04 -1.95385789051e-03  1.15672984516e-03  1.80587203928e-03 -1.91073838837e-03 -4.60304777857e-03  1.13503289174e-03  1.14635436008e-03  1.21480873493e-03  1.65687450754e-03  2.32023410668e-03  2.82747105219e-03  2.19375275004e-03  4.86845922161e-03  3.09612429904e-03  7.69540627362e-04 -2.31564103892e-03  1.46498738374e-03 -4.53307734418e-03 -3.69576423471e-03  1.10594253748e-03  1.56073644156e-03  2.90149818965e-04 -6.81280870087e-04 -3.47844129408e-04 -1.94388613186e-03  1.17694260476e-04 -2.14843979076e-03 -4.61820826792e-03  1.56504356941e-04  3.12394689429e-03 -2.16372392071e-03  3.51881380262e-03 -3.98585837850e-03  9.93254724163e-04  2.41935011874e-03  6.64277096765e-05  1.30495782658e-03 -6.21490852256e-03  2.11835237207e-03 -2.44971821373e-03 -4.30441248905e-03 -8.35567066497e-04 -4.63690378000e-05 -2.31574592426e-03  3.24547705906e-03  1.21360972218e-03  7.00243097147e-03 -2.35620838054e-03  1.88651477672e-03  1.16870543957e-03  9.96599575072e-04 -9.69284153865e-04 -1.76958874566e-04
-3.07489450070e-04  3.44764947218e-03  2.01319789686e-03 -1.94763423388e-04 -4.03162512597e-04 -1.22424791014e-03  7.01915491326e-02  7.28320473212e-03  2.41920591870e-03 -1.26910688748e-03 -6.14191448513e-04 -5.17843922115e-04 -2.45347046868e-03 -6.65291667056e-04  7.55683889770e-04  2.23722903432e-03 -2.41629390959e-04 -2.79131069926e-03 -5.50164103188e-04 -1.07668746669e-04 -2.11341774371e-03 -1.27045172839e-03 -6.67717320913e-04 -7.62450919476e-04  4.20728762646e-03 -2.26741238958e-03 -6.11889307016e-05 -2.03804618596e-03 -2.12936106607e-03 -3.86982110580e-04  1.23060212008e-03 -1.00698125616e-03 -2.21240316568e-05  3.78237775625e-03  2.11014373270e-04 -7.20086205516e-04  3.39867901677e-03  5.48686528859e-04  5.37894115730e-04 -2.08410137475e-03 -2.60188260459e-04 -1.20033748330e-03  6.44990725833e-04  9.44860832756e-04 -9.45401959628e-04 -2.05948468896e-04  1.33448978683e-03 -2.06960512667e-03 -2.11953566825e-03  5.89705859656e-04 -1.03358929389e-03 -1.55812737704e-03 -1.75544069775e-03  2.49318194170e-03  1.55413422978e-03  2.12323962387e-04 -2.74502907083e-03 -2.23560279702e-03  6.20015874529e-04  1.22952168747e-04  2.66594133406e-03 -3.25223144411e-04  3.69708513120e-04  6.85033684066e-04 -3.75485510851e-03  2.08557404376e-03  7.75531425716e-04  5.68880746367e-04 -2.47286210050e-03  1.08251066286e-03 -2.52528897448e-03 -9.46687159158e-04 -3.83511995417e-03 -2.47559746941e-03 -5.22162874218e-03  4.50190453947e-04 -9.73139116123e-05  2.11147871055e-03 -1.04400735406e-03  2.10740114784e-03  3.32258576527e-03 -2.90564476890e-03  5.21513795682e-05  1.30878794662e-04 -9.65129814735e-04  1.31185609548e-03  8.07380820122e-04  1.04150354951e-03  1.91237936553e-03 -1.41086877798e-03 -9.91761009234e-05 -1.94896386510e-04  2.04388870786e-03 -7.55791437859e-04 -4.45680542682e-06 -2.75842027249e-04  1.48223281820e-03  1.03759056945e-03 -2.19713371559e-03 -5.77115337574e-04  2.30468690815e-04  1.89028165588e-03  2.07791695492e-03  1.18607626335e-03 -2.13190700617e-04 -1.12828399876e-03 -3.75762884079e-03  1.57590627972e-03  4.45651181474e-04 -7.74390395513e-04 -3.85308273646e-04  9.61572189357e-04  1.47164446353e-03  3.76113415111e-04 -2.39710074463e-03 -1.31688619033e-03  1.94396116491e-03 -1.16854021421e-03 -1.37790296845e-03 -2.27561684955e-03 -6.43290532386e-05 -8.35344638993e-04 -1.18805266324e-04  4.26780100372e-04  5.92269401469e-04  1.39948697360e-03 -2.76284382241e-03 -2.58567490205e-03
-1.59042618127e-03  2.98761373021e-03  2.45569440557e-03 -4.77594104176e-05  7.96332036933e-04  4.77688463946e-03  7.28320473212e-03  7.45470620968e-02 -8.28596286415e-03 -6.74056904851e-03  4.63997954010e-03  2.55935125607e-03 -3.62163316927e-03  3.05001768709e-03 -9.05433890006e-04  2.00157916629e-03 -1.52263895193e-03 -3.85733866989e-03 -2.72286688849e-03  2.30834592508e-03 -3.11087268858e-03 -1.19655562879e-03  1.14328196330e-03  2.70292750168e-04  4.97864221188e-04  1.48793590005e-03 -3.60939556866e-04  2.26794555614e-03  6.03104838445e-05  2.27901237485e-03 -1.69666000193e-03 -2.29111838056e-03 -2.57385862113e-03 -9.55320544820e-04  8.98181146617e-05 -1.20766930612e-03  1.33381421142e-03 -1.15253969155e-03 -1.11355136038e-03  2.54138509538e-03  4.76196262897e-04  3.89905027517e-03 -1.27763769962e-03  4.43725862776e-03 -1.76145905041e-03 -1.02360722380e-03  7.55299661828e-04  4.84886518324e-04  5.14552605115e-04  5.42848317892e-04 -1.17037050146e-03  6.91420317389e-04 -2.65855354986e-03  1.50375257210e-03  3.66836595195e-03 -2.21480818401e-03 -8.97609320125e-04  1.01709254653e-03  3.60375432827e-04  6.24903625823e-04 -2.01458191597e-03  1.48918309821e-04 -1.07032138210e-03 -1.03330077038e-03 -4.38985089298e-03  5.40646470851e-04 -3.65078911076e-04  9.97874127908e-04  2.54512606163e-03  3.22739043721e-03  2.86105479012e-03  9.57711008825e-05  1.33996662420e-03 -1.63950090739e-03  3.24834008822e-04  1.23847243581e-03 -1.41542645675e-03 -1.41525986442e-03  1.39465603146e-03  1.67959628355e-03 -5.92148552499e-04  3.20314287751e-04  1.96363397507e-03 -2.27684605242e-03 -1.65745511741e-03  1.72690076788e-03  3.45448857581e-04  6.41622185708e-04 -1.30328013883e-03  5.25788258869e-03  3.12559876619e-03  2.23991387296e-03  1.81472634104e-03 -6.77358077085e-04  2.97437472590e-03 -2.83028011486e-03  1.18504029266e-03 -2.81863548952e-04 -1.37669933752e-03 -1.49763513583e-04  8.01699077258e-04 -2.35279523958e-03 -2.47548442999e-03  1.25803427168e-03  1.74157147974e-03  6.17739811950e-04 -2.22762861573e-03 -9.39735096659e-04  1.64739502632e-03  2.48260787888e-04 -1.85234306543e-03 -3.29451397244e-04  6.98934723887e-04  1.98657425779e-03 -3.23403592751e-03 -2.14751539844e-03  3.14842596719e-04 -1.52250065763e-03  8.13459288545e-04 -1.17227008840e-04 -4.09366514763e-03  1.19289505436e-03 -1.54877434886e-03 -2.77661090669e-03  1.84398918364e-03  1.91086351549e-04 -4.56608539628e-04  7.67600768989e-04
-5.77841824722e-03  3.44639316441e-03  1.69532307498e-03  1.77259194611e-03 -4.20709273727e-04 -1.25761489566e-03  2.41920591870e-03 -8.28596286415e-03  8.97912779509e-02 -2.88698728377e-03 -1.71015554167e-02 -2.45336658229e-03  9.05345116645e-04 -2.32041996413e-03  9.63328706207e-04  6.66442942879e-04  1.34224482053e-03  1.97523890044e-03  2.81026487486e-03  5.31879736067e-04  5.67388997665e-03 -5.81793381963e-04 -6.42686769611e-04 -1.41227280789e-03  1.52679437927e-03 -1.08701138488e-03 -1.06234081841e-04 -4.68301536378e-03  7.70634662247e-04 -2.14406069412e-03 -1.82697020827e-03  4.26357391351e-04 -4.39023718711e-03 -2.15119905552e-03 -3.81337255416e-03  2.74194405132e-03  1.94664366401e-03 -3.52260535227e-04  6.82852520980e-04  8.73642363720e-04 -2.67604443947e-03 -3.59613736069e-04  2.30029970938e-03 -8.91411040806e-04  1.77583859667e-03  4.17201333637e-03 -1.24836886680e-03 -2.86365048451e-03 -3.17452150210e-03 -2.94550189078e-04 -9.81779670341e-04 -3.00163329665e-04 -5.47141756652e-04  1.31115216375e-03  2.81270545588e-03 -1.59854807115e-03  4.55696860353e-03 -1.21512341992e-03  3.68712141582e-03  1.69455654104e-03  1.26822650989e-03  5.71740749713e-04 -2.88762216853e-03 -5.43600036713e-03  4.33408544205e-04 -1.46155211850e-03  6.03195332408e-03 -1.68055507600e-03  5.44432647850e-03 -1.10178575202e-03  2.57139338330e-03  1.49093424624e-03 -5.34135126718e-03 -9.98779317495e-04 -8.03178542243e-04 -4.33501589194e-03 -2.72429631353e-03  1.16524568737e-03  3.12408353279e-04  1.43144337784e-03  1.47624626457e-03 -1.48937349676e-03  1.30167799168e-03  2.53927913899e-04  1.10027287746e-03 -1.69737516796e-03  8.58999113010e-04  1.23421499324e-03  3.94388033504e-03 -2.21574886767e-04 -3.82691944137e-04  1.18503341205e-03 -1.75652804433e-04 -1.17814346647e-03 -3.38107149207e-03  1.72552324891e-03  1.01164019717e-03  5.89370079924e-04  6.74341333987e-04  1.00032177290e-03 -1.44018049296e-04  9.13660830645e-04  2.72650284127e-04  8.91671794963e-05  9.97214476903e-04 -4.52056151687e-05  1.00072571029e-04 -3.46070866318e-03 -3.55659374463e-03  1.38409874886e-03  1.73335469808e-03  3.03602815247e-03  3.99177409247e-03  6.57854086034e-03  2.29290114722e-03 -7.31956035466e-04 -5.15011107112e-03 -1.20393912989e-03  1.15476685052e-03 -6.16911619105e-03  4.94762841929e-03  5.26079873370e-04  4.19225947944e-03  2.50275050703e-03  7.74795118997e-04  1.45357047268e-03 -4.31598729647e-03 -1.32176607971e-03
-2.20761467433e-03 -2.31400632703e-03  4.28235083660e-03 -2.88766702151e-03  2.95344276520e-03  4.05254342256e-03 -1.26910688748e-03 -6.74056904851e-03 -2.88698728377e-03  1.05089693902e-01  1.93985754143e-03 -4.98648878659e-03 -2.74365893650e-03 -2.92485511110e-04 -1.25748303367e-03 -6.01136650830e-03 -4.75060518905e-03  7.87222099954e-04  3.08149474414e-03 -1.21862629501e-03 -9.12887413644e-04  6.22944016429e-03 -4.48997718753e-03  1.90000932507e-03  8.89840385211e-04 -2.79041856680e-03 -8.60790640715e-04  7.47190769936e-03  8.85915500755e-04  1.51900780179e-03 -1.06932160462e-03 -3.39677967682e-04  1.14351249446e-03  1.64879411013e-03 -9.65514443512e-04  2.29998376894e-03 -2.19455390266e-05  4.85925115046e-05 -2.14530296891e-04  5.28460820543e-04 -3.38598581808e-04 -7.63297379813e-04 -2.51203303144e-03  5.21804847285e-03 -4.83358218166e-03 -4.26503734498e-03  1.93959879619e-03 -7.76408668416e-04 -3.88434214029e-03 -8.53977075875e-04 -3.48813299237e-03 -6.67477346679e-03 -1.80018962088e-03  7.93916872416e-04 -7.10206113046e-04  3.05003558887e-04  4.16515513928e-03 -2.22565031885e-03  1.25714219212e-03  1.85540446186e-04 -4.50174869219e-03 -2.86201356713e-03  1.18139408378e-03 -8.52082103256e-04 -1.97975091299e-03  1.80883859190e-03 -5.40633138294e-03 -1.15504375728e-03 -5.80731111046e-03 -2.72693923168e-03 -7.71214298287e-03  1.25267116027e-04  1.28850021702e-03  2.98830226554e-03  6.65969124059e-04 -2.72033933676e-03  2.57212708821e-03  1.56109315831e-04 -5.26103765797e-03 -7.95734511145e-04  3.34371701655e-04  7.27831305737e-03  6.69733089105e-04  6.55616979802e-04 -1.69344844703e-03 -5.90317004641e-05  1.20731152560e-04 -5.19258295359e-04 -1.33251462202e-03 -3.07753886050e-03  9.94478214872e-05 -3.89603808775e-03  5.55991920778e-04  1.71343904945e-03 -3.13947446189e-03 -5.64938237669e-04 -1.07001340517e-03 -3.14214066121e-03 -2.41098612179e-03  1.19458605649e-03 -3.50433688153e-03  4.89693378182e-03  4.47081896638e-03 -4.59789132798e-03 -3.91125897767e-03 -3.01945107800e-03 -1.23227911205e-03  1.79788261929e-03  9.81912743096e-04  4.36368116273e-03  8.86340627545e-04 -9.42811028648e-05 -2.93093679729e-03 -2.41773674335e-03 -2.86387877726e-04  2.70857480953e-04 -2.95174571383e-04  2.00702913947e-03  3.10430542801e-03  1.54576747657e-04  6.14913073088e-03 -1.62992071238e-03  6.53222400264e-03 -8.08802490810e-05 -4.74545252708e-03 -4.16745196161e-04  3.79481768497e-03  3.73760164597e-04
 1.28227713321e-03 -1.06474171628e-03 -1.44390986394e-03 -1.01144126509e-03  3.85636602666e-04 -5.28982057461e-04 -6.14191448513e-04  4.63997954010e-03 -1.71015554167e-02  1.93985754143e-03  8.56801079337e-02  6.03543422593e-03  2.41276953390e-04  5.71783502842e-04  1.15565022460e-03  2.72983269779e-04  1.76462986869e-04 -2.81835538025e-03 -1.78872655843e-03 -1.87917922622e-03 -2.33441932995e-03 -1.16319226936e-03  1.75951461321e-03  6.07004719153e-04 -6.00905056199e-04  2.36227530312e-03 -2.17669097033e-03  5.04990694731e-03 -2.74163412405e-03  2.43686653799e-03 -1.07053324022e-04 -4.86796677801e-03  7.73444576624e-03  1.61680389097e-03  1.46920739558e-03 -9.99879312920e-04 -9.90685459646e-05 -7.95796652262e-04 -1.93119169492e-03 -1.87641521685e-03  1.00754042418e-03  6.82068808393e-04 -1.82486189422e-03  3.78287454664e-03 -2.69141339782e-03 -1.27886605405e-03  4.03730110559e-03  2.81498304788e-03  3.14095368167e-03  2.04749090653e-03 -1.34424767484e-03 -2.41157695958e-03 -1.96584158522e-03 -1.94741441358e-03  2.39215226228e-04  6.20956889029e-03 -3.57929364262e-03 -4.19803218093e-03  3.18136635996e-03 -2.10935920713e-03 -3.93854165068e-03 -4.01551472510e-04  5.61656243085e-04  8.17101056533e-03 -2.72346728419e-03  1.51356418849e-04 -2.76447922772e-03 -1.67402528323e-03 -5.30003149250e-03  6.83069780864e-04 -3.12313066667e-04 -7.03676781393e-04  2.05588914782e-03  2.84319046885e-03 -1.53461100527e-03 -1.11474200723e-03  5.77777551815e-03  7.16416318171e-04  1.81606569335e-03 -9.58657227302e-04  6.91745914165e-04  3.13489162276e-03 -3.16311993732e-04  1.69260050318e-04 -1.51994853285e-03 -2.58394401606e-03 -8.55217966044e-04 -1.09582923117e-03 -2.97236871630e-03  1.01035181713e-03  1.75229700147e-03  2.78758515542e-03  1.74435156430e-03 -1.31801923973e-03  2.06677504836e-03 -3.45336598443e-03 -6.50379543811e-04 -2.04374019989e-03 -1.73121876298e-03 -5.57102175139e-04 -1.84557422068e-03 -4.68340612032e-03 -1.62512627867e-03 -3.02071205159e-03  4.49323376574e-04 -1.53276473720e-03  2.28548825634e-03  1.43343653487e-03  1.36710680287e-03 -2.42507236217e-03  3.12274963185e-03 -3.09607177620e-03 -3.32559297972e-03  6.49100321947e-05 -1.17090564385e-03  1.95614485206e-03  3.38222496701e-04  3.53747356041e-03 -1.10958957065e-03  3.95416864185e-03  4.95900423287e-04 -1.40398484832e-03  2.00046814997e-03 -1.97716193815e-03  4.78540846466e-04  2.10618814681e-03 -2.31991312234e-03  9.51988642215e-04
-1.77430434838e-03  3.17789514153e-03 -4.62568019742e-04  7.59482793272e-04 -1.35049509357e-03 -2.62387370542e-03 -5.17843922115e-04  2.55935125607e-03 -2.45336658229e-03 -4.98648878659e-03  6.03543422593e-03  7.38112915054e-02 -5.39642087027e-04  5.22156052599e-03 -4.93993542216e-03 -6.41198340891e-04  2.57672547342e-03 -4.41048432294e-04  5.80105434853e-04  2.77975869416e-03  1.59755894041e-03  1.97737192242e-03  1.59081315831e-03 -9.68914250515e-05 -1.55470328107e-03  1.52907461013e-03  1.43734390240e-03 -2.79066323308e-03 -1.10088748524e-03 -2.61921672000e-03  3.60137437635e-04  6.10101192116e-04 -5.03665029357e-03  1.07673089647e-03 -1.22360876092e-03 -1.04847679830e-03 -1.10358606128e-03  3.39038281771e-03  8.68021100875e-04 -3.32650944450e-05 -1.44133299201e-03  2.27545793375e-03 -2.71963969096e-04 -7.31544219283e-05 -1.82614623000e-03  5.25808105253e-04  2.06388752479e-03 -2.47014232824e-03  2.23044024958e-03  2.47620893925e-04 -4.37081398883e-04  1.12154462699e-03 -2.67231002625e-03  1.12388045331e-04 -9.47763272105e-04  3.11750113323e-03 -2.26431699306e-03 -7.43292323721e-04 -4.21685072005e-03 -7.51754965987e-04  8.87712461686e-04  5.29070077755e-04  1.57535632485e-03  4.39488787572e-03 -2.08615956603e-03  3.11628105220e-04 -1.23166487168e-03 -1.73815726835e-03 -1.15291926119e-03  3.38022341786e-03  2.77756143655e-03 -1.13504927687e-03  5.60200439647e-04 -1.55897725433e-03 -4.14279702525e-04  1.20206954567e-03 -7.79579044720e-04  7.28027683102e-04 -1.47033913604e-03 -3.42380853138e-03  1.89480666446e-03  3.60133477407e-03 -1.33357214860e-03  5.76585966632e-04 -2.01578037425e-03  1.14196816641e-03  1.59785062557e-04  9.46296971724e-04 -6.15391947555e-04 -4.92789689214e-04  4.42888907770e-05 -3.87929917363e-03  2.59059069499e-04 -1.34163525721e-03 -3.35088449258e-04  2.57850963195e-03  7.37631604073e-05 -6.35323690200e-04 -1.36550097647e-03 -5.73414156986e-05  1.08656179268e-03 -7.53004343327e-04 -3.07457826452e-03  1.35574226332e-03 -4.02568059067e-03  3.06418264329e-03 -8.88154410510e-04  1.02575825105e-03 -1.88413263653e-04  3.52052521016e-04  2.08321218863e-03 -4.93622308937e-05  1.04782482620e-03  1.73977874667e-04 -4.13681529621e-04  4.77107061330e-04 -6.42040377777e-04  1.91575416956e-03 -1.27779468949e-03 -3.21613248538e-04  2.89631718978e-03  2.33053672875e-03  3.15051830458e-03 -6.65580282515e-04  7.07660140761e-04  1.13450161307e-03  1.21838725618e-03  8.76620024627e-04
-3.08239990998e-03 -2.51676864775e-03 -1.71083579025e-03 -9.83166722777e-06 -4.08343924664e-03  2.05197653699e-04 -2.45347046868e-03 -3.62163316927e-03  9.05345116645e-04 -2.74365893650e-03  2.41276953390e-04 -5.39642087027e-04  9.07519985036e-02  3.52015042062e-04 -6.09502343126e-03 -1.06034713058e-03 -3.46950009136e-03 -1.94372864060e-03 -1.56097172153e-03 -2.08101511047e-03  2.96726826350e-04 -3.18837649176e-03  1.82620672832e-03  1.43506148843e-03 -3.61968655141e-03  7.75012928195e-03 -1.05246762622e-03 -7.20060717576e-03  1.16354745327e-03  4.24164127908e-03 -2.90260162993e-04 -4.08302217094e-03  2.10783774664e-03  1.05936763732e-03  2.06708425936e-03 -2.82539030727e-04  5.52374362205e-04 -2.29876532230e-03 -3.81571235464e-04  2.26669985471e-03  2.44700738630e-03  1.64885355125e-03 -1.47162860798e-03 -8.48884602728e-04 -1.41093702098e-03 -1.39899006724e-03 -1.14720951028e-03  1.68045758377e-03 -5.42745433634e-04  9.28373344812e-04  3.47171677822e-03  4.04103906974e-03  4.91214865015e-05 -1.56273231225e-03  7.31299025379e-04  1.18347321005e-03 -5.30804321656e-04 -1.93399128019e-03 -2.71493033276e-03  1.67288553190e-04 -2.86189880880e-03 -3.60952565445e-03 -1.97505976712e-03 -3.70831809629e-03 -3.45002088277e-03 -2.07497403052e-03 -1.18262332125e-03  2.22357044638e-03  2.81479450426e-04 -1.97718096235e-04  1.08041309856e-03  2.27696592482e-03 -5.97420712555e-03  1.53195852679e-03  3.79212977318e-04 -2.86437284909e-03 -3.27232322286e-04 -8.54749894530e-04  1.38536019131e-03  1.12767283891e-03  1.04329696137e-03  1.16807133993e-03  8.46769467298e-04 -2.51620214575e-03  2.48788613766e-03 -3.95665828274e-03  5.94717814452e-04 -2.65315895412e-03  2.81375617376e-03 -2.20347073170e-03 -4.28125628143e-03 -3.01006262087e-04 -4.56846030471e-03 -1.54680920095e-04  1.49399849984e-03 -5.11264086712e-03  1.20285202679e-03 -1.63230732949e-03 -2.18252558501e-03 -8.25464376759e-04 -6.88945051919e-04  1.97132231016e-03 -1.37824789157e-03  4.04507084430e-03 -2.51718969789e-03 -4.44119562138e-04 -7.41271913341e-04  2.46144019479e-03 -9.95518042604e-04 -1.41528340904e-03  2.62124744197e-03  2.18197860016e-05  8.35479465038e-04 -3.74193944497e-03  2.71743644004e-03 -1.70539974911e-04  2.69399309477e-04  2.32041880035e-03 -1.06725911306e-04  3.00066005152e-04  1.29277359510e-03 -3.57389924656e-03 -2.43210444247e-03  6.01577685882e-04 -5.72549817982e-03  6.01180557645e-04  4.53994828181e-03 -2.68415227102e-04
 1.13484323970e-03  3.64950634568e-03  3.62735291902e-03 -5.68413355562e-04 -4.98594223833e-04 -1.69595827038e-03 -6.65291667056e-04  3.05001768709e-03 -2.32041996413e-03 -2.92485511110e-04  5.71783502842e-04  5.22156052599e-03  3.52015042062e-04  7.61824270789e-02 -6.28424832321e-03 -4.95699207848e-03 -4.53809058566e-03  1.82406219132e-03  2.63132174234e-03 -1.28731170304e-03 -4.35492988289e-03  1.01098856121e-03  1.81079059181e-03  7.96890916778e-04 -6.93819211026e-04  3.99141507077e-04 -6.25727052839e-04 -3.47734986670e-03  1.67461961519e-03 -1.27795912444e-03  1.43418016851e-03  2.74767387055e-03 -2.66593237808e-03  1.05291148349e-03 -1.52919104137e-03 -6.92200297927e-04  7.41130765606e-04  7.33010301201e-04 -2.73635495102e-03 -7.90972312324e-04  3.67252175626e-06  2.12260084692e-03 -2.10264227070e-03 -1.17889122292e-03 -1.99547208705e-03 -4.26821182984e-04 -7.73477087685e-04 -4.89336261001e-03 -4.53531828700e-04  3.97144062557e-03 -1.34492678077e-03  2.27465107802e-03 -4.16950390299e-03 -2.44880413182e-03  6.72561419481e-04  1.11745486638e-03 -8.76185468167e-04  1.29267391450e-03 -1.87340050031e-03  1.92275149561e-03 -2.08754385671e-03  4.48574652350e-03  3.46858924734e-04  1.24028469275e-03 -1.70066252842e-03  5.20472940994e-04 -1.84366659189e-03 -1.86972924728e-04 -2.90730188196e-03  2.51023275954e-03  6.35022607161e-04 -5.93704473796e-05  1.02018287260e-04 -2.97062839001e-03 -3.76592888910e-04  1.60267945113e-03  1.65769504002e-03  7.24471016619e-04  7.02461075669e-05  9.15502246238e-04  3.01349272096e-03  3.58339341065e-03 -3.07491630246e-03  2.08942897198e-03 -2.68592625246e-04  3.86416476161e-03 -1.70683913836e-03 -7.57310298911e-04 -9.41419265583e-04  1.25861029291e-03  8.16333845779e-04  2.18448837762e-03  2.49004179325e-03 -1.74367350315e-03  1.76709599270e-04  8.87241460527e-04 -2.59018858017e-04 -2.85103677198e-04  4.64002746990e-05  4.29217174298e-04 -1.50181026866e-04  4.26334916031e-03  3.62205409815e-03  2.39719359371e-04 -2.96704432987e-04  2.10956587043e-03 -3.09017860177e-04  8.19642808364e-04 -1.55145356610e-03 -2.29272396938e-03  2.96761078454e-03 -7.13804452409e-04  8.29760597237e-04 -1.87173076133e-03 -4.93831992468e-03  8.83434983851e-04  1.48688254243e-03  4.80341806929e-04 -3.49069239778e-03 -3.00477666681e-03 -3.79307212772e-03 -7.49206426603e-04 -4.13205033914e-03  8.78798454985e-04 -2.77662132583e-03  1.08998747736e-03  5.73378250508e-04 -1.45618200697e-03
-1.28835546848e-03 -3.09770053854e-03 -1.42108399706e-03 -4.68269953194e-05 -6.76776176392e-04  1.36473776870e-03  7.55683889770e-04 -9.05433890006e-04  9.63328706207e-04 -1.25748303367e-03  1.15565022460e-03 -4.93993542216e-03 -6.09502343126e-03 -6.28424832321e-03  6.65799173705e-02 -2.60389493637e-03  1.27587373193e-03 -1.39994561574e-03  2.88732204067e-03 -2.49472361402e-03 -2.96733039696e-03 -1.58496705428e-03 -6.62327651130e-05 -3.27801464559e-04  2.39215492696e-03 -1.54365792076e-03 -5.70855951601e-04 -7.44346859064e-04  2.60861776611e-03  7.69079152297e-04  2.09025168455e-03 -8.81048660627e-04  1.17550539779e-03  6.77613187589e-04  1.53113538965e-03 -3.73295749459e-04 -1.65512849829e-03 -6.80084581791e-04  1.18519882235e-03  2.48972988038e-03 -4.46111612606e-04 -6.74839213190e-04 -1.95503825480e-03 -3.23762847140e-03  2.04156586956e-03 -2.27100329281e-04 -1.69688022889e-03 -2.24585571039e-04 -6.52711356924e-04  6.97464833644e-04  4.30884411105e-06 -1.58940731514e-04  2.01605544653e-03 -2.24575553180e-03  1.91467707620e-03  8.56906104207e-05 -8.47789313182e-05 -8.10094210730e-04  3.03763190497e-03 -4.04108455436e-04 -9.88507418061e-04  1.10910789189e-03 -2.70308725454e-03 -2.84339434011e-03  1.02364536463e-03 -1.70355096048e-03  2.09216300760e-04  4.40469815655e-04  1.57288297238e-04  9.90265611414e-04 -6.44968944898e-06 -1.63842505523e-03  1.05329878720e-03  2.10385274101e-04 -2.10768262037e-04 -3.72927450845e-03  6.53159751305e-04  8.29909328771e-04 -1.83621236356e-03  1.15957268013e-03  8.64389475400e-04  2.67476901747e-03  2.60620070041e-03 -8.47817922203e-04  5.39651360492e-04 -1.37777074385e-03  5.83864363413e-04 -2.83924408727e-04  2.19049715528e-04 -1.57778036214e-03  9.29706673701e-04 -1.64034519666e-03  1.57490986924e-03 -2.03351592868e-03  4.24850691246e-05 -4.38929565276e-04  1.50298106918e-03  1.31185689631e-03  3.28354383797e-03 -6.85717121664e-04 -9.95034916134e-04 -2.45189175235e-03  1.94908323701e-03 -5.29725593356e-03 -1.53022662509e-03  7.71739959439e-04 -4.91708782107e-04 -2.41153947841e-04  7.18927038355e-04  8.29306587805e-04 -1.31774498071e-04  1.03798785494e-03  2.10114181335e-04 -9.63859920710e-04 -2.32698633997e-03 -3.79512780245e-04  1.28493981516e-03 -4.76809553824e-04  1.08006526489e-03  2.04389536652e-03 -1.09818466687e-03 -3.18670897490e-03 -1.96322499243e-03  6.66780143706e-04 -1.56506562490e-03  1.15583735879e-03 -2.25876972146e-03  1.86933893092e-03
 6.29282654455e-04 -1.94690825473e-03  5.63115151245e-04  5.45196248076e-04 -1.32855491579e-03  1.88765934546e-03  2.23722903432e-03  2.00157916629e-03  6.66442942879e-04 -6.01136650830e-03  2.72983269779e-04 -6.41198340891e-04 -1.06034713058e-03 -4.95699207848e-03 -2.60389493637e-03  8.19753520482e-02  7.55146873187e-03  8.20931471619e-03 -1.61521278015e-02  4.51044024926e-03  1.27889811242e-03  1.44871480207e-03 -1.72282135699e-03 -3.90938362363e-03  1.48623249639e-03  6.14586889786e-04 -1.98460700872e-03  1.55072972931e-03  2.91658211640e-04  1.69637707817e-03 -5.05231612931e-03  1.61446908097e-03  9.74112702155e-06  4.70617905964e-04  3.56879636271e-03 -3.57880594921e-03 -1.78916321391e-03  6.80568949631e-03  6.34922734676e-04 -1.15798811711e-03  1.65705989946e-03  5.29042512080e-03  8.36621114853e-04 -2.41353598833e-03  2.84248328731e-04  1.85350560272e-03  1.37673982727e-03  6.81532966103e-04  1.70280602056e-03 -8.90098174450e-05  3.48148044062e-03  3.23962194904e-03  1.16688220481e-03  9.14958595331e-04  1.15640632954e-03  1.36366792858e-03 -3.64086577778e-03 -5.64867612017e-04  9.85125172791e-04 -5.94283286324e-04  7.28482822024e-04  1.04024198387e-03 -2.95728912954e-03 -5.07666265654e-04 -2.99444941998e-03 -4.00260754857e-03 -5.62995478979e-04 -2.20348878086e-04  6.46153145177e-04  1.83605075372e-03  1.10154748030e-03  2.57361472016e-03 -1.75909927464e-03  3.95381710655e-05 -5.25972946030e-04 -2.31190420386e-03 -3.32161209362e-03 -5.04756302212e-04  4.88031405706e-04  2.57085846700e-03  1.78127790574e-03 -3.19824524704e-03  7.47011423137e-04 -2.68705122661e-03 -5.80889967824e-04 -4.61374029837e-03  1.24948279910e-04  2.15267665985e-03 -1.19741596888e-03  8.16278296904e-03  2.60090108023e-03 -1.14928543461e-03 -4.89002308908e-03  3.40488562487e-03 -1.44207068712e-03  1.26238214603e-03 -2.42631700984e-03 -2.79148769172e-03 -5.92535313405e-03  9.01183772225e-04 -3.81436678887e-03  8.88284609639e-04 -2.30818466909e-04 -1.31605946043e-03  4.73772068445e-03 -9.12425568219e-04  1.60337867966e-03 -3.91497415512e-05 -2.12840248373e-03 -2.00840426234e-03  6.01164146932e-04  1.72473996106e-03 -9.16288346106e-04  1.75044715091e-03 -3.72623409118e-04  8.26645841729e-04  1.75126380027e-04 -1.81349822067e-03 -7.62621820083e-05 -3.18512135167e-03 -1.12656195751e-03  2.86190363565e-03 -2.62476134742e-03 -1.42624273731e-04  2.66322556653e-03  1.35989368909e-03  1.06700857391e-03  2.28335236602e-03
