 1.15759552168e-01  1.06827744852e-03 -1.34901783681e-03  2.84807675012e-03 -2.09632155205e-03 -1.25563760975e-03  3.24467625602e-03 -5.12180791575e-03  3.17702229439e-03  2.75532833952e-03  1.04403950802e-03 -3.97799343767e-03  3.22466456729e-03 -6.44936212433e-04 -6.32630607096e-03 -3.91501281099e-03  2.02897129393e-04 -4.40859013424e-03 -2.68868687041e-03 -3.90973767700e-03  2.88158948693e-03 -1.75519721582e-03 -2.95276413091e-03  2.31539660379e-03  2.41339432686e-03 -3.65431848647e-03  7.38459298184e-03 -2.86522130007e-03 -4.24157525683e-03  3.16477528851e-03  4.19759500184e-03 -3.73837236306e-03  2.80944053842e-03 -4.70503061455e-03 -2.07354768031e-03  2.76647593069e-03  4.15921180657e-03 -1.36648162296e-03  8.94950484465e-04  3.02355651203e-04  2.38685907173e-03  1.86723084675e-03 -1.00560301722e-03  3.33004401113e-03  3.20251752307e-03 -3.05411234970e-03  1.76170072228e-03 -1.29599623691e-03 -4.40828064393e-03 -2.33158441095e-03 -8.46586630949e-04  1.20583543527e-03  2.18841297422e-03 -2.89220128533e-03  4.49429552715e-05 -3.02776275818e-03 -8.13748323429e-05 -4.70009258083e-04  1.26491588672e-03  3.01441263040e-03  1.06486827717e-03 -3.27988920614e-04 -3.08880948504e-04  5.27977805180e-03  3.28415093245e-03 -2.42166645723e-03  9.79634528483e-04 -9.22398080222e-04  3.83759571593e-03  3.19544056329e-04 -2.49142171789e-03  3.36877332663e-03 -9.61902694978e-04  1.87672674948e-03  1.51276788481e-04  2.49776472046e-03 -3.98091385284e-03 -8.27168543260e-04  2.72211561746e-03 -3.48749875375e-03 -5.61846083688e-03  6.44872712132e-03  3.71442885021e-03 -4.68796030353e-03  6.04730835789e-03  1.42863688231e-03 -2.43827095619e-03  4.41283412941e-04 -3.27644115526e-03  6.63314133162e-04 -3.85592044019e-03 -2.05932543911e-03  6.49393342155e-03  2.00477267330e-03 -1.52078351070e-03 -2.33506329201e-03 -2.65277272193e-03  1.86116386261e-03  2.63004965599e-05 -1.72685260042e-03 -8.90974317099e-04  3.92144087407e-03 -4.53574808457e-03  4.33520793837e-03  3.49973553924e-03 -4.84122520689e-03  3.40333077332e-03 -2.60008079609e-03  1.76984026429e-03  2.93473092692e-03  1.65299211008e-03  2.59173483479e-05  1.67101084529e-03 -3.51565428195e-03  2.59218691127e-03 -1.49379880983e-03  6.24500628872e-03 -1.30785447957e-03  3.26417373044e-03  1.96319301475e-03  5.91250351932e-04 -1.72141510959e-03  1.55159563630e-03 -4.66928313469e-04 -2.59680942126e-03  1.76852629814e-03  2.80387888185e-03  8.48219266872e-04
 1.06827744852e-03  9.27887280059e-02  6.74333282807e-04  2.40880127186e-03 -1.99264399371e-03 -2.88978974051e-03  2.30113127161e-03  3.56259566144e-03  1.59540861680e-04  5.69691608887e-04 -4.90605934812e-03  3.43069820268e-03  1.13243855689e-03  4.25649418770e-03 -2.27319237540e-03 -1.58643280651e-03  2.59469281229e-03  2.24350496783e-03  2.76931329141e-03 -2.32537744282e-03  1.25259829406e-03 -1.49955527237e-03  6.96170497207e-03  8.87202014803e-04 -1.08097766670e-03 -1.91940893833e-03  1.09062284227e-03  3.52837930702e-03 -5.28875817452e-03  1.58815904696e-03 -1.20998883208e-03  8.55418068282e-04 -4.94657275347e-04 -3.03826201952e-05  1.56364087051e-03 -3.66904936889e-03  3.53017772173e-03 -5.74495560094e-03  1.53124957232e-03 -7.74723792192e-04 -5.42570739669e-04  1.23513352632e-03  4.35757884756e-03  1.71690973323e-03  1.37617683071e-03  3.65021252318e-03 -3.82992111429e-03  1.36841216706e-04 -3.61471273646e-04  1.28954614685e-04 -1.20461922799e-04 -4.76716303004e-04 -4.44693891088e-04  2.24336113783e-03 -2.12723274983e-03  5.55289759738e-04 -2.36753136113e-03 -8.49961916028e-04 -2.42081668260e-03 -8.91405947957e-04  3.44364799666e-03 -2.61701887073e-05 -2.99779978128e-03  7.17668276105e-04  1.32581542702e-04  3.45598349136e-03  1.76499541210e-03  1.53162957781e-03 -5.08822255271e-03 -2.58806255212e-03  2.04510309342e-03  4.92291204918e-04 -8.14020874870e-04  2.91290228561e-03  4.29597851122e-03 -1.63588580915e-03  1.75388680115e-04 -1.49919346643e-03 -7.10828187000e-04 -1.54973203845e-03 -1.45188206078e-03 -2.65886533987e-04  3.95585593364e-03 -7.64803943392e-04  2.69737561070e-04  7.53357552469e-04 -2.53712707645e-03  1.06055300760e-03 -7.61033554846e-04  1.02600987753e-03  3.13187434552e-03 -8.35460049935e-04  5.20149733194e-04 -2.80593334380e-03 -1.47487215697e-03  2.34632717475e-03 -6.50419780746e-04  2.50366103792e-03 -3.23799321613e-04  3.15402101219e-03 -1.16129407093e-03  9.60894066735e-04  1.12463713884e-03 -2.32959557270e-04 -3.84885384695e-03 -1.51695118667e-04 -2.48442329297e-03 -2.06497439098e-03  2.96740245751e-03  2.83874333242e-03  7.11631575007e-04  1.44518819145e-03 -6.65539843020e-03  1.83981950382e-03 -7.89239041653e-04  1.45912653515e-03  8.30433877723e-05  5.21863402930e-03  2.07563644805e-03  2.84019108340e-03 -5.05098637990e-04 -1.90966640758e-03 -2.09476917675e-03  4.97538623956e-04 -4.21317342488e-04  4.20219726452e-03  5.24639389815e-03 -3.05150642302e-03
-1.34901783681e-03  6.74333282807e-04  1.07879264034e-01  3.12248270057e-04 -5.76198355876e-03  1.29323769824e-03  2.58400941711e-03 -1.62436616671e-03 -1.23569126583e-03 -5.32189941969e-03  1.81648323250e-03  1.36978335246e-03 -1.16645268127e-03  8.48164254645e-04  1.56079650717e-03  4.05315238134e-04 -4.19065362490e-06 -1.11410013091e-03  2.80354808541e-03  2.50750947573e-03 -1.14561345888e-03 -1.03539565480e-03  3.14454040830e-03  1.08541241220e-03  2.78749630034e-04 -7.15332688080e-04  2.52513396509e-04  3.10451006614e-03  1.83374803430e-04 -2.04784879253e-03  4.02833989732e-03 -3.76135260532e-03 -2.12794054725e-03  1.25856516145e-03  4.16681308817e-03 -2.12329354053e-03 -3.26277475089e-03 -2.52429695630e-03  9.19258556840e-04  1.11762627123e-03  1.37885261376e-03  6.18309159160e-04  4.00446357029e-03  2.02104025733e-03  7.43755692900e-04  1.38472191980e-03 -3.14098086435e-03  5.22463707647e-04  2.09550651128e-03  2.22683542218e-03 -2.34531364345e-03 -4.53160393270e-03  1.02671885108e-03 -5.33045955161e-03 -8.10693683720e-04 -4.44418112807e-03  8.06007430227e-03  3.87919235452e-03 -2.67617172687e-03  3.38011429367e-03 -9.21339994909e-03  5.85621711674e-04  5.69970778839e-03 -1.20872225945e-03  4.55366433494e-04  3.05971772641e-03  1.52638761467e-03 -1.09888646922e-03  1.16736501045e-03  1.57512870906e-03 -2.26423323500e-03  3.00477134898e-03  8.49534561894e-05  1.93590208879e-03 -3.30226585709e-03  1.47349341745e-03 -2.49749626335e-04  2.32232546681e-03 -4.32194298592e-04 -2.56226022601e-03 -2.15553454501e-03  9.95865615721e-04 -4.61425154658e-04  5.03505454846e-03 -1.83044093267e-03 -1.59468050578e-03 -3.43997353908e-03 -3.20561888640e-03 -3.91548551450e-03  1.50742677609e-03 -8.20038814066e-03 -3.17706092738e-03 -4.88204051478e-03  1.86195299133e-03 -7.80343374256e-03  2.58049096443e-05 -2.64686027253e-04  5.81517342715e-04 -2.98607757253e-03  3.86109797748e-04 -2.26261925379e-03 -1.21685563807e-04 -2.79077164270e-03 -1.00824364378e-03 -7.31611068604e-04  1.72356792514e-03  1.22601896961e-03  3.51232879094e-03  3.41821605769e-03  4.05177316362e-03  1.13062425165e-03  4.33764387154e-03  2.25265476158e-03 -1.82355314819e-04 -2.41402361850e-03  3.32371021910e-03 -1.74301183015e-03 -1.81568146240e-03  7.52083268132e-04  2.25466390117e-03 -2.59967238052e-03 -8.42547151288e-04 -8.39930993281e-04 -1.86194776444e-03  1.88447588847e-03 -3.37329391744e-03  1.33684792185e-03 -1.25069833591e-03
 2.84807675012e-03  2.40880127186e-03  3.12248270057e-04  8.64982087156e-02 -7.80274660992e-03 -5.23819029262e-03 -6.63708950384e-03  2.00300863672e-04  6.77570075261e-05  1.14668856944e-03  1.38305580070e-04 -1.07957595319e-03 -2.25550813042e-03  3.65400961599e-03 -2.77825953141e-03  1.09814968791e-03  2.60389275877e-04 -2.85268348605e-04 -1.02336477352e-04 -2.06632900651e-03 -2.63671785978e-03 -4.13654575840e-03  3.19520281573e-04 -1.28102729118e-03  6.41215026035e-03 -3.38072363260e-03  3.50900854221e-03  1.61060982668e-03 -1.60078838181e-03  1.27105442504e-04 -3.07846623915e-03 -2.63644365585e-03  2.76607278771e-03 -1.35645033450e-03  2.15051029125e-03  4.74548923948e-03 -2.35721837445e-03 -1.04877974032e-03  1.97312057884e-03 -1.97878866866e-04  2.58330324975e-03  2.85122965681e-03  4.51245383059e-03  1.58922149148e-04  1.75744229407e-04 -2.09917645082e-03  3.04670492019e-03 -5.00102719309e-03 -2.28960891666e-03  2.93448804481e-04  5.38716985862e-04 -2.04113959410e-04 -1.94804073678e-04 -7.64921135089e-04 -4.52776596176e-03 -6.98789862322e-03  2.39345533164e-03  4.15305704657e-04  7.67637621160e-04 -4.86064614373e-03 -2.95826200346e-03  1.80636819668e-03 -1.13030832411e-04  1.49346921198e-03 -2.96014059328e-03 -2.11350103741e-03 -1.03845664036e-03  6.10143204332e-04  8.75594009659e-04 -2.08069684251e-03 -2.91144050891e-03 -1.43481510664e-03  1.22576541464e-03 -4.18031574080e-03 -1.15653901433e-03  1.64140036098e-03  2.89770689872e-05 -1.70404162549e-03 -6.90533438609e-04 -3.75289835942e-04 -2.06602029812e-04 -5.03044248872e-04  1.16605435550e-03  2.65412240949e-03  1.21635112285e-03  3.17104821539e-03 -4.04942802397e-04  2.67350496487e-03 -1.09061910857e-04  2.03140029560e-03  1.04650432355e-03 -1.16667969030e-04  1.67924777233e-04 -7.03042405715e-04 -2.50813157783e-03  1.74040790729e-03  3.98842583862e-03 -2.50095835576e-03 -1.82858123811e-03  2.74124628391e-03  2.32596295445e-03 -1.34093080548e-03  1.94695146883e-04  5.96717177507e-04  2.25698402815e-04  6.13758220686e-04 -2.14229144282e-03 -1.20905856801e-03 -5.63856836947e-05 -2.39762535691e-03 -1.35234843340e-03  4.62531558527e-05 -2.66641800145e-03 -2.51066415826e-03  2.93387888820e-03 -3.47898959155e-03 -1.58482015475e-03  1.48763219146e-03 -1.11790870091e-03 -1.04805474755e-03  1.61316257429e-04 -2.13536859767e-03  1.19703049126e-03  1.32419453120e-03 -5.10474362979e-03  2.02344678860e-03 -1.82674538092e-03  2.51065187406e-03
-2.09632155205e-03 -1.99264399371e-03 -5.76198355876e-03 -7.80274660992e-03  7.63588313402e-02 -1.19430941912e-02 -5.27189163380e-03  5.89584769329e-03 -3.28839654863e-03 -1.04221571920e-03  2.23678219339e-03  5.05653771731e-04 -1.80492820648e-03 -1.34225527292e-03  3.20265302401e-04  1.88025507603e-03  2.54811198292e-04  4.85381888843e-04 -3.17733408410e-03  5.10277304161e-04  9.60214122526e-04  8.58053405791e-04 -1.08957270033e-03 -2.65187749179e-03 -1.78484771799e-03  1.76313101099e-03 -2.90624294087e-03  1.90419771052e-03  3.29605577100e-03 -2.14708423146e-03  3.33078284275e-03 -1.95273311315e-03 -3.83901381868e-04  1.69067451333e-03  3.35891804695e-03 -1.79166985902e-03  7.43501093536e-04  5.98664423990e-03  1.78087134686e-03  1.07850935846e-03  3.54549053725e-04 -2.09659546022e-03  8.18690003871e-04  5.16082027642e-04 -1.35967192573e-03  2.50036718950e-03 -3.30960053674e-03  1.94911357759e-03  5.38461298370e-04  2.41157456297e-05 -6.22982201637e-04 -1.46188412387e-03  1.86630541915e-03 -4.22832161446e-04  9.29100287488e-04  4.32397713022e-03  6.44105317386e-04 -4.42710243139e-05  4.02828396716e-04 -1.31141246244e-04  5.27881472618e-03 -2.67010790535e-04 -2.21397398045e-03 -1.45595365313e-03 -9.65736516909e-04  2.48137761740e-03  3.04784990927e-03 -6.44543478656e-04 -5.69172039946e-04 -4.15675776378e-04  1.53902094892e-03 -1.65384852365e-03  3.37751615531e-03  6.35175535854e-04 -2.07719552654e-03 -3.94662675331e-03 -2.38811887576e-03  1.29037213983e-04  1.55819210108e-03  1.57903428401e-04 -2.89409965215e-04  1.37302666729e-03  3.30625102850e-03  5.86219264413e-04  2.24267826985e-03  1.73221570702e-03 -8.37674118324e-04  3.78029940348e-03  2.47504759500e-04  6.54248031820e-04 -3.84299428012e-03 -1.77289044791e-03  1.86255460902e-03 -1.72593552315e-03 -1.00760029737e-03 -5.42182990872e-04  1.12816449478e-03  5.03771704015e-04  2.55917986710e-03 -7.81422333229e-04  3.08433032131e-03 -3.25790246056e-03  7.01781753163e-04  3.13374762820e-03  2.52452195371e-04  1.62405347212e-04 -2.87583335858e-03 -3.02884298242e-03  2.72285890250e-03 -2.29484883268e-03  2.53150568649e-03 -1.02359579647e-03 -2.20308517667e-03  2.53449363428e-03 -5.47009124500e-04 -8.02828070385e-04  1.06080560354e-03  2.23789652709e-03 -1.66204245858e-03 -2.25302566937e-03  2.14578150698e-03 -3.86485331044e-03  9.00495977445e-04  5.53267855429e-04  1.67300779470e-03 -1.51770211802e-03 -7.24891464447e-04 -2.54606848004e-03
-1.25563760975e-03 -2.88978974051e-03  1.29323769824e-03 -5.23819029262e-03 -1.19430941912e-02  6.83483597269e-02 -1.71859746777e-03 -2.20487615107e-03  2.15775365072e-03  8.31142968395e-04 -2.07345019973e-03  8.90410322820e-04  2.60772733640e-03  9.96416708395e-04  1.44138063159e-03  2.07337879956e-03 -7.88267404157e-04  8.79174054866e-04  3.15175886807e-03  1.22831137885e-03 -1.53341138720e-03  1.95510964977e-04 -3.27405511072e-03  3.08090780091e-03  6.01315378763e-04  2.19956939000e-03 -1.01395944519e-03 -1.75872162421e-03  4.14801209246e-04  1.48806196607e-03  1.73739719368e-03 -3.42834637937e-04  8.68602938337e-04 -3.07489979725e-03 -2.45501653786e-03 -1.74896700486e-03  1.64077247170e-03 -1.21151215810e-03  4.53311355416e-04  2.87072666492e-03 -2.00455704772e-03 -7.38818958863e-04  7.93795218268e-04  2.01684715621e-03  2.56510817942e-03 -3.40908838840e-03  1.22792787080e-03  5.52911157625e-04 -1.72383976040e-03 -2.11525469165e-04  8.19376031889e-04  2.47480884077e-03  5.31782304687e-04  1.13486318179e-03 -2.04374773593e-03 -2.95899180515e-03 -1.24212842807e-04  1.25459301145e-03 -2.59722723864e-04  1.30615088016e-03 -1.80787618630e-03  5.82071488056e-05  2.76184847424e-03 -6.37292340906e-04 -4.77757412189e-04 -2.12309432238e-04 -4.64872980603e-04 -3.95219005371e-04  2.21727629867e-03  4.59521949639e-04 -1.74695299316e-03 -1.48496774956e-03 -9.56640903658e-04  1.07209793842e-03  1.04075690310e-03  1.29560978427e-04  2.13032826139e-03  1.34451011452e-03 -3.52830890789e-04 -1.61244798916e-04 -9.44821597398e-04 -7.88983548468e-04 -3.09517741402e-03  8.54663830488e-05 -1.50040957055e-03 -3.95683830059e-03 -4.95545691552e-04 -7.23518018962e-04  1.82789201024e-03  4.94189140424e-04  3.51634632918e-03 -3.26849470134e-03  1.35485361185e-03  9.70177613535e-05 -1.22657680506e-03  5.39067390752e-04 -7.40476885138e-04  1.40745666220e-04 -1.51023072765e-03 -2.52096680258e-04 -3.30535815544e-03  2.92443334520e-03 -9.25920501148e-04 -4.42539729955e-05 -9.08369191659e-04 -1.33022715008e-03 -4.43962381826e-04  1.66335585437e-03 -2.67521074419e-03  3.80767558214e-03 -1.45343973723e-03 -9.84559717803e-04 -2.24550740692e-04 -2.75368980604e-03  1.82773596982e-03  1.16264862606e-03 -2.98961237083e-03 -4.98625484824e-03 -3.07401296088e-03  2.62850500328e-04  1.22252051830e-03  2.23309092046e-05 -2.99264053533e-04  1.54074351888e-03 -2.03345636733e-05  1.27845476324e-03 -3.77133394261e-03  1.55656512001e-03
 3.24467625602e-03  2.30113127161e-03  2.58400941711e-03 -6.63708950384e-03 -5.27189163380e-03 -1.71859746777e-03  8.47226054367e-02  1.34473911154e-03  3.11385903985e-03  2.85912460979e-04  4.68187347352e-04  2.12936147986e-03  5.03441383879e-04  2.54326607088e-03  1.54149596246e-04  8.72537127154e-04 -3.17929282137e-03 -2.96590203503e-03  2.42978361614e-03 -5.48683395353e-03 -3.43836185688e-03 -2.61602722767e-03 -5.53502517375e-04 -2.88879506201e-03 -3.67027320734e-04 -5.39487039896e-04  2.49373971403e-03 -2.08379008931e-03  2.38429979416e-03 -1.76169845496e-03 -7.96752924170e-04 -1.62676591060e-03 -1.83342993408e-03  1.71717079460e-03 -1.65293226483e-03 -1.07957474140e-03  1.59416106677e-03  5.89035467710e-04  7.54322585462e-04 -5.69532216424e-03  8.71457845597e-04 -1.63264848627e-03 -1.31862775967e-03 -3.15369130064e-03  9.01885405164e-05 -3.33132885070e-04 -2.70413629947e-03 -8.61287729815e-04  9.08632451468e-04 -3.72221500809e-04 -2.30773368947e-03 -2.30308930973e-03 -6.90635443107e-04 -2.47392181242e-03  5.13835287792e-04 -9.74779735775e-04 -9.28318062682e-04  1.16868756412e-03 -3.92872338104e-03  1.96163686723e-03  2.01900693433e-03 -2.33088417610e-03 -2.60320153604e-03  1.53369239046e-03 -1.52840194454e-03 -3.30905706940e-03  2.54340821281e-04  1.80609268721e-03 -1.06946357867e-03  4.45632403754e-03  1.46746248672e-03  6.07903325238e-03  3.18598092270e-04  2.36169057195e-03  3.87855117406e-03 -1.44066403824e-03 -2.16320232339e-03 -8.03524429477e-04  2.53053881914e-03 -2.29039887507e-04 -1.43422631732e-03  2.14437463253e-03  6.48938909121e-03 -3.49932220280e-03  1.58616512543e-03 -5.29100066236e-04  7.92530990124e-06 -6.40715546126e-05  4.20348934370e-04 -3.55933000385e-04 -7.53586351711e-04  2.95498214393e-03  7.87149664968e-04 -3.26740215844e-04 -2.10431713667e-04 -4.61476458117e-04 -1.01904547085e-03  1.09593333945e-04 -3.36135387856e-03  2.22910478589e-03  3.33569113749e-03 -7.81144744641e-04  2.16881965591e-03 -7.00576707653e-04  3.17547306322e-04 -6.41536334347e-04  1.86132409127e-03  3.02057959163e-03  5.50908124283e-03 -2.43455944278e-03  1.32422420430e-04  2.29184854088e-04 -1.93731682204e-04  4.29787405456e-03 -2.88575820496e-03  3.60523891845e-03  2.40817770984e-03  1.61424929797e-03  2.47839464415e-03 -4.98775526825e-04  5.63543003506e-04  6.84282926525e-04  1.10651628157e-03 -1.70320040700e-03  5.29348591088e-04 -3.01023107740e-03  2.20687556203e-03 -4.50593166424e-03
-5.12180791575e-03  3.56259566144e-03 -1.62436616671e-03  2.00300863672e-04  5.89584769329e-03 -2.20487615107e-03  1.34473911154e-03  9.61387270139e-02 -2.08776684006e-02  3.19210190002e-04  2.87890522875e-03 -1.45777371675e-03  2.72179744711e-03  1.35848616328e-03 -1.95018738004e-03 -1.63187553590e-03  4.02926870175e-03 -8.53788471542e-04 -1.11054991150e-03  1.61854517425e-03  3.20475327291e-05 -9.73028328954e-04 -2.26981939659e-03 -1.20334426774e-03 -1.35548490867e-03 -3.75858218779e-03 -3.34205289840e-03 -1.56217132795e-03  1.90310646373e-03  7.94431788089e-05 -3.15802858405e-03  2.02677948178e-04  9.53648734807e-05  3.84937110308e-03 -2.95863770579e-03  6.06303995509e-04  1.33903666792e-03 -1.85508351747e-03  9.68027621569e-04 -2.69754735031e-03 -4.26653033052e-04 -2.67690992281e-03 -2.34693723500e-03  2.34045452036e-03  6.63917764751e-04  2.58990955075e-03 -3.18042598768e-03 -2.65219995896e-03 -8.59584854421e-04 -8.81167491027e-04  6.05975617786e-04  3.62401476198e-03 -1.16752317777e-03 -5.48258327367e-04  6.71815193370e-04  2.85624217195e-03 -3.71292522877e-04  2.56042767760e-03 -1.18283021432e-03 -6.84064580749e-04  1.03459139317e-03  8.62411727077e-04  1.09146570523e-03 -3.00731899668e-04 -6.03489400519e-04  2.44624965941e-03  5.12469884495e-04  1.92721949825e-03 -2.50607998266e-03  1.15763175562e-04  8.76952034182e-04 -1.82121076679e-03  1.20035678934e-03 -1.39466585826e-03 -4.73131298147e-03 -2.83281434163e-03  1.14008781360e-03 -7.81742264785e-04  2.48834581939e-03 -5.35930555057e-04 -1.66858005417e-03  7.56287611641e-04  5.73882110822e-03  2.11987031012e-03 -2.65695010541e-03 -1.99652589879e-03  1.70602490980e-03 -9.97462238242e-04 -7.44367405522e-05  2.06752278753e-03  2.83650196115e-03 -6.77678903147e-04 -2.85477018018e-03 -1.60542970540e-04 -1.22852008820e-03  8.30842129730e-03 -1.32293408194e-03  1.01436198958e-03 -2.38520351133e-03  2.14834686917e-03 -1.53485670873e-03 -1.27147425820e-03 -2.87960544743e-03  1.70106515258e-03  7.91560223085e-04 -1.98760136454e-03  7.19626077420e-04  3.30229245253e-03  2.30959650612e-03  3.14577443151e-03  3.64125240986e-04 -1.19110322179e-04 -7.23874052982e-04  8.69480828695e-04  3.58015346567e-06 -5.22524019511e-04  1.91390459351e-03  2.43976347626e-03  3.01478747262e-04  2.11782873727e-03  2.71656717236e-03 -3.04889114292e-03  4.39795006582e-03 -2.87008737874e-03 -4.03217576782e-03 -1.70732663638e-03 -2.29247125221e-03 -2.01935950056e-03
 3.17702229439e-03  1.59540861680e-04 -1.23569126583e-03  6.77570075261e-05 -3.28839654863e-03  2.15775365072e-03  3.11385903985e-03 -2.08776684006e-02  6.49595428466e-02  1.19637532055e-02 -3.05995175239e-03 -9.61549531915e-04 -3.24374295326e-04  1.68806671244e-03 -7.88886585310e-04  2.33288469287e-03 -3.04883577493e-04  9.70102194486e-04  1.79819973098e-03 -1.05285094675e-03 -1.93667630917e-03 -7.49159029964e-04 -2.79534741314e-04 -3.11713910187e-04  7.85000323443e-04  2.80767518121e-04  3.30900606729e-03  3.31997713368e-04 -1.83672879951e-03  1.69967969349e-03 -2.51325516102e-04 -3.35824401277e-03 -2.14850181348e-03 -2.41375413065e-03  1.13009676540e-03 -1.02905082030e-03  2.22073115525e-03  1.94941891120e-03 -2.06643397801e-03  9.41852828440e-05 -2.16288701734e-03  1.39290409173e-03  1.00484647362e-03 -6.17813677467e-04 -1.34794119054e-03 -1.50378942909e-03 -1.42240259555e-03  7.02433852503e-04  2.43870789325e-04 -5.73637133105e-04  1.29317094646e-04 -4.75436097556e-04 -7.78908928416e-04  2.72935103934e-04 -5.23295005903e-04 -1.49094627225e-03 -1.64944537939e-04  4.55686914589e-04 -2.15950616876e-04 -5.16557639024e-04  1.94327860240e-03 -1.50514337612e-03  1.18400089938e-05 -1.42107902150e-03  2.27022846739e-03  1.41200195562e-03 -6.12936232443e-04  2.42288325225e-05 -1.53202218498e-03 -8.17014894009e-05  4.39728799006e-04 -3.64493474727e-04 -1.77067218228e-05  1.59522449855e-03  3.34585075397e-03  7.27570025029e-04 -3.02042743153e-03 -6.78428009509e-04  1.41091685186e-03 -2.73514965226e-03  3.25224389660e-03 -1.57581990687e-03 -1.40712314007e-03 -1.45949169855e-03  3.40169545662e-03 -2.55045586517e-04 -1.78339119100e-03  2.47092913144e-03  1.78555015321e-03 -2.64086672091e-03 -8.35462871237e-04  1.26423995819e-03  3.20231286408e-03  1.56820414799e-03  2.52311794603e-03 -2.60827053031e-03 -1.97892470634e-04  1.44792140851e-03 -8.47163084303e-04 -1.83835558263e-03 -2.00763734380e-04  6.65324212723e-04  9.67678958965e-04 -1.51100967097e-03 -1.45605832156e-03  1.02010000271e-03 -9.67304831509e-04 -3.45946835223e-03  1.13832366782e-03 -8.18362105385e-04  1.67641066812e-03  1.23951959348e-03 -1.67699802172e-03 -2.39221328361e-04  3.54363159328e-04  1.30045506133e-03 -2.63712047718e-03 -1.65811231919e-03 -4.14308320266e-04  5.28134678492e-04 -3.15513096333e-04 -1.01742551139e-04 -1.03745610597e-03  2.72728934495e-03  3.25907994665e-03 -3.13667893855e-03 -7.33362165732e-04 -6.74678441318e-04
 2.75532833952e-03  5.69691608887e-04 -5.32189941969e-03  1.14668856944e-03 -1.04221571920e-03  8.31142968395e-04  2.85912460979e-04  3.19210190002e-04  1.19637532055e-02  9.56495589022e-02 -4.69336221535e-03  1.14957017605e-02 -2.11341817311e-03 -2.51686360775e-03 -2.72212704136e-03 -3.35043617323e-04 -7.70418119277e-04  9.33429700105e-04  3.74376004289e-03 -4.79542372392e-03 -2.62106913422e-04  1.53425242210e-03 -1.12295290717e-04  7.97065526991e-04  2.73193191656e-03 -1.26953115760e-03  1.43267470257e-03  1.07559960436e-03 -8.13299185060e-04  9.50886410457e-04 -2.76290133385e-03  1.52613349308e-03  2.62251572031e-03  1.08035281687e-03  9.20042160294e-05  2.52178099389e-03  1.93585342187e-03  3.00132652829e-03  3.28355475100e-03  9.46786267942e-04  2.50019231956e-03  1.21878995014e-03 -7.10426469249e-04 -6.71552727644e-04  7.11513927581e-04 -2.06781335823e-03 -1.95815818703e-03 -6.54207263062e-04 -4.17773305076e-03 -9.01343447684e-04 -2.27570206291e-04  2.55546404818e-03 -8.94682271396e-04 -4.41060179527e-04 -2.95754346724e-06 -6.39962983327e-04  8.13072867717e-04  1.29107693963e-03  2.91058757835e-03 -2.24420360583e-04  2.35939781441e-04 -8.45807080890e-04  5.71222581977e-04 -1.38831869013e-03  4.98991131478e-03 -1.51481112610e-04 -3.15564593529e-03  3.74634355664e-03 -2.99158468452e-03  1.89165976315e-04  4.35556141581e-03 -4.24178500817e-03  3.54218756691e-03  2.93996984313e-03 -5.71082814215e-03 -3.48634247862e-03 -2.02078704613e-03  8.29836581489e-04  1.94419627095e-03  1.12747512698e-04  2.67831523451e-03  2.33638282935e-03 -3.00153645142e-04  2.96614518222e-05 -1.18683706417e-03 -6.62032043499e-04 -7.13776506061e-03  1.37634712740e-03 -3.50603988776e-03 -1.85165093855e-03  1.20017326060e-03  3.36156051418e-03  4.55464782813e-03 -4.63290646142e-03  7.10874747201e-03  2.49391977690e-03  3.19763984887e-03  3.56852774471e-03 -7.40571419505e-04 -4.07257917101e-04 -4.84557812390e-03  6.56521688568e-04 -2.68786132868e-03 -3.24697899919e-03 -3.25592061151e-04 -1.04060065584e-03 -1.61774073173e-03 -9.92878629799e-03 -2.82969570466e-03  3.13831662345e-04  3.05666396766e-03 -5.78908273521e-04  2.32751647799e-03  5.38177781599e-03 -7.79479246475e-05 -3.48363499819e-03  6.17920503536e-04  6.02102369682e-04 -7.32690207099e-04  1.01609239229e-03  1.65571496633e-03  4.90888026184e-04  1.48094336774e-03  5.08341388318e-04  1.21300505733e-03 -1.74350407187e-03  5.09427537327e-04 -3.35583338115e-03
 1.04403950802e-03 -4.90605934812e-03  1.81648323250e-03  1.38305580070e-04  2.23678219339e-03 -2.07345019973e-03  4.68187347352e-04  2.87890522875e-03 -3.05995175239e-03 -4.69336221535e-03  8.96928919997e-02 -1.17217388803e-02 -1.33870228680e-02 -1.36745775257e-02 -1.66186039108e-03  2.69347313752e-03  1.38014446542e-03 -7.56082107656e-04 -2.67412936626e-03  3.33803121980e-03 -1.72675644983e-05 -3.47373342962e-03  1.53157786163e-03  3.77443890271e-03 -3.88919332459e-04 -1.66304539479e-03  2.42059492543e-03 -4.49091821533e-04 -4.41547022557e-03  2.92594945905e-03  4.24960387480e-03 -3.72418118570e-03 -3.26386238532e-03  2.18842473948e-03  4.25769727753e-03 -4.92859791116e-04 -1.31452522992e-03  1.52418493927e-03 -2.51615308450e-03 -1.54200631815e-03 -2.74744037354e-03 -1.53647130648e-03  2.04639525673e-03  3.28235925508e-04  1.15612796142e-03  2.42335660461e-03 -7.53049601712e-03 -2.65838891845e-04  3.54557223850e-03 -2.56263994997e-03 -4.44111467427e-04 -1.28795063426e-03  5.97541092597e-04 -8.90222035799e-04 -1.69349871490e-03  5.25234925749e-04  1.51771326162e-03  3.71392775118e-04 -4.25256842995e-03 -3.13901220320e-03 -3.73801449671e-03 -1.41054568806e-03 -1.58142955007e-03 -5.28352278978e-04  2.85845034744e-04  1.41366548314e-03  3.57370525451e-03 -1.89914069405e-03 -1.23704494944e-04 -1.93200176541e-03 -3.72763548790e-05 -1.81938100033e-03 -4.99245731544e-04  3.09110188471e-03  8.52670671370e-04 -1.80167821871e-03  2.82793914690e-04  3.84854768382e-04 -4.79606227208e-04 -5.04635871146e-04  1.56738811365e-03  6.19785201672e-04  1.13446039885e-03 -7.57608722565e-04 -3.48717220120e-03  3.56547536406e-03  3.88261334180e-03 -2.80570330004e-03 -2.77436803225e-04  1.79966841778e-03  3.07694368268e-04 -3.77808737248e-03 -3.18389060416e-03 -3.44174684645e-04 -6.56398283101e-03  2.15392675725e-03 -3.59509665243e-04  2.36724137026e-03 -4.70077443843e-03  2.83092097306e-03  1.26616324640e-04  4.30466615284e-04 -2.16954560267e-04 -2.00057624464e-03 -9.03862241150e-04  2.18722223295e-03  4.03169803684e-05  1.28950268221e-03  3.55573161880e-04 -8.30043195497e-03  3.88532677986e-03 -9.36892081820e-04 -4.00274744086e-04  1.38228084078e-04  1.63874156009e-03 -1.44661139607e-03 -3.99900680046e-03 -1.68738161362e-04 -3.21804716945e-03  2.28097960544e-03  1.67387769649e-03 -3.12900386888e-03  1.01488336357e-03  1.68218231256e-03  2.12558058490e-03 -3.99994230741e-03 -4.17206585920e-03  2.53139673917e-04
-3.97799343767e-03  3.43069820268e-03  1.36978335246e-03 -1.07957595319e-03  5.05653771731e-04  8.90410322820e-04  2.12936147986e-03 -1.45777371675e-03 -9.61549531915e-04  1.14957017605e-02 -1.17217388803e-02  8.35865248216e-02 -1.24328439996e-02 -1.04498910895e-02 -1.52900370697e-03  1.49063513115e-03 -2.37815934817e-03 -1.24119515805e-03  4.03984847432e-03 -6.84986658368e-03 -4.72432540603e-04 -7.89977814049e-04 -9.40055985233e-04 -3.47510385428e-03  3.36726075054e-03  1.24228270851e-03 -5.87574347067e-04  1.04609758993e-03 -1.25163459340e-03 -7.63271917968e-04  1.62755848874e-03  5.12707465388e-03  1.46152147394e-03 -1.79544733913e-03  1.85868845590e-03 -9.09612940214e-04  1.60723615130e-03 -6.31035819215e-04  1.69825291660e-03 -7.98580436644e-04  1.08975009262e-03 -1.22855794187e-04 -1.15318952475e-03 -1.89260587286e-03  7.29597128343e-04  2.51396339878e-04  7.69962853492e-05 -1.25057941732e-03 -1.41314360231e-03  9.54991235659e-04  7.56790570388e-04  3.15772529184e-03 -4.71354351672e-04 -1.73060684284e-04  6.95356451612e-04  1.02172656288e-03  1.08249862164e-03 -1.39365159005e-03  1.78542618709e-03  4.25850212856e-03  1.58269796989e-03 -1.58333081749e-03 -1.33402397734e-03 -1.15633113403e-04  1.34056358574e-03 -2.26857175846e-03 -1.48805532883e-03  2.32647241213e-03  4.23769218432e-05  1.90080205290e-03  7.22579716479e-04  2.08468682661e-03  2.60960011930e-03 -1.38076859450e-04  5.51983211729e-04  6.04867539634e-04  3.79529708498e-03 -1.27420680677e-03 -3.35803137253e-03  2.88124132290e-03  2.39750384334e-03  1.01061669991e-04 -1.64150998979e-03 -2.98779821733e-03  1.48169702707e-03  3.75602179079e-03  2.55246414362e-03  7.67301967342e-04  7.02972701998e-04 -2.07963375152e-03  1.12364627289e-03  1.25756181943e-03  3.74571688455e-03 -3.52452318383e-03  8.99103323637e-04  1.00379229680e-03  2.38328328984e-03 -4.78602617013e-03  5.11196950520e-03 -1.42668009163e-03  2.08602324972e-03 -1.53091261126e-03  2.54873608548e-05 -1.43114194683e-03 -8.57359489357e-04 -1.56569779736e-03  1.49025960924e-03 -3.64246984429e-03 -1.66442302550e-03  3.16229099718e-03  2.74709111272e-03  2.02576599495e-03  1.52767098350e-03  2.17473027955e-03  1.04927310991e-03 -2.16588630140e-03  7.86102545876e-03 -2.17091835848e-03  2.69192080130e-03 -2.35229078072e-03 -5.89630934812e-04  1.98178089788e-03 -1.71780588536e-03 -1.12066577949e-03  1.20956334314e-03 -3.41293656295e-04  9.14100710207e-04  2.13421041376e-03
 3.22466456729e-03  1.13243855689e-03 -1.16645268127e-03 -2.25550813042e-03 -1.80492820648e-03  2.60772733640e-03  5.03441383879e-04  2.72179744711e-03 -3.24374295326e-04 -2.11341817311e-03 -1.33870228680e-02 -1.24328439996e-02  6.95775063145e-02  1.24420212207e-02  5.93298755358e-04 -1.04271652062e-02 -1.17745806364e-03 -1.94141710084e-04 -3.98512994787e-04 -2.24147264203e-03  1.14892980837e-03  5.35163052756e-04  9.47788704050e-04  2.43950919410e-04  2.07827954076e-03  2.50680444540e-03 -2.07370522490e-03 -1.01291694884e-04  1.76437578071e-03 -5.90490371958e-04 -1.28806296361e-03 -3.10571716903e-03 -4.19000348156e-04 -2.90263640482e-04 -3.51013981170e-03 -4.83674164882e-04  1.60469812052e-03  2.30056532040e-03 -1.34203379703e-03  1.71368254213e-03  1.55308612721e-03 -2.09072179136e-04 -4.52764845915e-03 -1.81580992610e-04 -3.73223281317e-03 -6.39860279707e-04  5.17128034858e-03 -1.30945838139e-03 -2.44109567992e-03 -6.46828999306e-04 -1.17578248515e-03 -2.89757490055e-03 -1.69646649642e-03 -2.15822549766e-03  1.87697317951e-04 -3.29331056892e-03  1.19892792476e-03  1.06180571756e-03 -1.15979230327e-03  1.82676150125e-03 -6.61311750782e-04  2.28317650039e-04 -8.79240410932e-04 -1.64064734437e-03  2.22548792665e-03 -1.00089302212e-03 -2.75302509599e-03  1.36623805692e-03  3.95850102498e-04  1.59139779414e-03  1.99366954620e-03  3.91711583024e-04  9.06340875688e-04  1.20306616108e-03 -4.21549304431e-03  2.41582890038e-03 -2.89534383150e-03  1.85245321092e-03  3.32668358617e-04 -2.74368077920e-03 -2.05830788984e-03  3.02975121640e-03  3.54904820451e-03  7.18687893088e-04  5.17041855302e-04 -2.70328253232e-03 -3.39420550250e-03  2.51770842611e-04 -1.87847963940e-03 -2.48202546962e-03  4.25519138315e-04 -7.86962493297e-05 -2.43376096324e-03  2.63772985290e-03 -2.68985974019e-04 -2.50093427722e-03 -7.67459578663e-04 -2.32009378950e-03 -1.22984633104e-04 -2.54769731677e-03  4.47317041359e-04 -1.07523525929e-03 -1.19899927840e-03  7.58518187163e-04 -2.01136702257e-03 -1.44094857964e-03 -1.00689304714e-04  2.21492163134e-03 -7.02134836775e-04  2.13950803888e-03 -3.63145104809e-03  5.09794740210e-04  1.46697288145e-03 -9.91034349946e-04  6.38623922195e-04  1.11208796078e-03 -2.60153900208e-03  8.99649599385e-04 -7.68034857191e-04  5.35196797572e-04  7.00380989889e-04  5.82643838540e-04  2.87599311261e-03 -1.94593566192e-03  3.37327284872e-04  3.31557382447e-04  3.67210819521e-03 -1.42172702413e-03
-6.44936212433e-04  4.25649418770e-03  8.48164254645e-04  3.65400961599e-03 -1.34225527292e-03  9.96416708395e-04  2.54326607088e-03  1.35848616328e-03  1.68806671244e-03 -2.51686360775e-03 -1.36745775257e-02 -1.04498910895e-02  1.24420212207e-02  9.35052294608e-02 -3.73564650041e-04  1.19137684952e-03 -4.42216393705e-04  4.48955480200e-04  9.33266724191e-04 -4.55327979280e-04 -1.51588945367e-03  6.82771131975e-04  2.76570750306e-03  3.18778964730e-03 -2.06863245765e-03  3.44075708954e-03 -2.65543825614e-03 -1.27736364911e-03  2.04104229662e-03 -1.34939997855e-03 -5.82474511661e-03 -2.08884476540e-03  1.22021875240e-03 -8.07463828217e-04 -4.61274069617e-03  1.34436177078e-03 -1.56762277196e-03 -1.51784331806e-03  5.38231773833e-03  2.37716520741e-03  3.44327710114e-03  4.40802981710e-03 -2.92386502601e-04 -2.40773840000e-03 -1.94504538388e-03 -2.37063846822e-03  4.94412220823e-03 -1.51653264548e-03 -2.07282357405e-03  1.13845302163e-05  2.17932491692e-03  1.93310886320e-03 -2.00752332809e-03 -7.48695147525e-04  1.03731312506e-03 -8.68827948855e-04  1.48324650859e-03  1.96442989085e-03  3.28778658636e-03  1.59404142227e-03 -1.02916522890e-03  2.00603573340e-03  1.45308457156e-03 -7.55550903688e-04  1.07072447371e-03 -2.93068232991e-03 -3.27854939550e-03  5.03937794231e-04 -1.96564431202e-03  8.25670209307e-04 -6.09539304586e-04  3.60064808009e-03 -1.76745625186e-03  3.18504135812e-03 -1.45143091836e-03  1.23233731134e-04 -2.30978671289e-04 -6.95096049834e-03  1.53308519242e-03  1.41133140003e-04 -2.86842388694e-03 -1.10438742761e-03 -3.39419799120e-03  2.38458139585e-03 -2.88535366951e-04 -3.16720731597e-03 -4.77371834109e-03 -3.17200119653e-04  4.96850631003e-04  1.58326251309e-03 -2.44606544693e-03  2.16060202046e-03 -4.04502651914e-03  2.38290043061e-03  4.62861269694e-03 -2.55396239436e-03 -1.20078281610e-03  4.46234247563e-03  2.35970331441e-04 -2.41919755234e-03  3.73423813983e-03 -7.10151721286e-04 -1.30186288331e-03 -9.39246578060e-04 -6.96195460513e-05  1.70647133299e-03  1.13550499005e-03  1.15910378234e-03  1.45041497517e-03  5.88963889328e-04 -3.51150725855e-03 -8.22278517122e-04  3.83506170633e-03  1.99995367436e-03  4.43910040937e-04  3.27571771776e-03 -4.76740944882e-04  5.17513945989e-03 -2.78213748507e-04 -1.64595348125e-03 -1.87972627080e-03  3.24288575213e-03  1.86717754689e-03 -9.05589916386e-04 -1.42965626488e-03 -3.62050728249e-04  4.06498672644e-03 -5.33933505273e-03
-6.32630607096e-03 -2.27319237540e-03  1.56079650717e-03 -2.77825953141e-03  3.20265302401e-04  1.44138063159e-03  1.54149596246e-04 -1.95018738004e-03 -7.88886585310e-04 -2.72212704136e-03 -1.66186039108e-03 -1.52900370697e-03  5.93298755358e-04 -3.73564650041e-04  7.70155249803e-02  1.15895258733e-02 -9.63815067301e-04 -1.40101439785e-03 -1.39349416465e-03 -2.10847881768e-04  1.26140063735e-03  2.75894073866e-04 -7.32754622221e-04 -3.83694180964e-03 -2.63249849619e-03  9.54649814580e-04 -3.35813339536e-03 -1.97994910319e-04  2.58867765079e-04 -5.97058052274e-04  1.61897841572e-03  2.47640029443e-03 -2.30766779346e-05 -1.72704117853e-03 -1.56727157547e-03 -1.98090772158e-03  8.14841677870e-04 -1.58601173927e-03 -3.72200866287e-04  3.70804979709e-03  2.27141346697e-03  1.87345784184e-03 -7.64001813100e-04 -7.07709316150e-05 -4.26270356839e-03  5.33098492599e-04  9.81494760552e-04  1.52735971253e-03  4.06912228913e-03  2.53997263741e-03 -1.40927824355e-03 -1.28480264132e-03 -2.06939673633e-03  1.34762430571e-03  2.50763265781e-03  2.11216517032e-03 -6.35492801934e-04 -8.00382460511e-04 -1.84926703354e-03  2.81011709343e-03 -2.14469572414e-03  1.09893695955e-03  2.03706266100e-03 -5.53618780501e-04  1.45419672245e-03 -1.64036450857e-03  9.51463620833e-04 -3.85681382796e-04  1.40339782649e-03  3.51489463090e-04 -2.63110009854e-03  3.26048864019e-04  1.35208339269e-03  9.34468846686e-04  2.42172639915e-03  1.20462959669e-03 -1.86237620744e-03  5.36470632886e-03 -9.91005219619e-04 -6.63716100915e-04  1.84928241635e-03 -1.64179015254e-05 -3.19857456099e-03  2.49372081005e-03 -3.76545505124e-03 -1.75980589665e-03  1.15951068197e-03  2.18547513790e-03  2.08472569863e-03 -1.45876479537e-03 -9.20558654631e-04 -4.90060482949e-04 -3.17135441280e-03  2.03778048501e-03  1.58960093888e-03 -1.33559995047e-03  8.90754506153e-04 -3.02669860577e-03 -2.23871655163e-03 -1.03298831914e-03  1.40576856881e-03 -6.75485035472e-05  2.25296517647e-03  5.93522158249e-04 -1.55567176148e-05  1.42114983329e-03 -2.38450980587e-03 -7.07441454388e-05  7.33625078734e-04 -2.14257988165e-03  1.39631908388e-03 -3.51117114210e-03 -1.55814667234e-03 -1.50515589508e-03  5.24128203108e-04  3.59196497436e-03 -3.24081131837e-03 -3.48418640427e-03 -1.88040897525e-03 -3.43426811065e-04 -1.36342684988e-03 -1.52647550212e-04 -3.14976876787e-03 -9.71953909252e-04 -1.96656746838e-03  4.38362154984e-03 -3.80018557117e-04  6.28319595105e-04
-3.91501281099e-03 -1.58643280651e-03  4.05315238134e-04  1.09814968791e-03  1.88025507603e-03  2.07337879956e-03  8.72537127154e-04 -1.63187553590e-03  2.33288469287e-03 -3.35043617323e-04  2.69347313752e-03  1.49063513115e-03 -1.04271652062e-02  1.19137684952e-03  1.15895258733e-02  9.53381982779e-02  3.30765673935e-03  9.13873639864e-04  5.83283662771e-04  3.66757754121e-03  1.45239439052e-03 -2.88584370286e-04  1.91685563850e-03  1.81903703469e-03  4.97346416154e-04  2.35231862448e-03 -6.22392072506e-06 -2.54320298534e-03  1.49472968186e-03  1.91969728732e-04 -5.94762432794e-03  1.21777557519e-04  2.40547149886e-03  1.69871393230e-03  7.17929779660e-04 -2.21433310519e-04 -9.29473397717e-04 -5.87102030614e-04 -2.08115356549e-04  8.66469868699e-04  2.67234756448e-05  3.83046995854e-03  2.78024252831e-03  3.54066749328e-03 -4.34059202179e-03  2.20086654731e-03 -1.07871325281e-03 -1.81140642717e-04  1.20563501296e-03  2.58263138941e-03 -6.51802528252e-04  1.43146266084e-03 -2.70759290973e-03  2.16793264027e-03  2.68844555705e-03  3.36917264639e-03 -1.09680230672e-03  2.02286240169e-03 -1.85264944631e-04 -1.89171760380e-03 -3.51689430979e-03  9.76676140458e-04  2.26395564495e-03  1.68941345945e-03  4.39387761766e-04  2.63738032583e-03  1.01904401093e-03 -1.28880756882e-03  2.37407465572e-03  2.89806558237e-03 -1.63848492438e-03  1.59097512624e-03 -1.19882174179e-04  2.15442191663e-04  2.37731724241e-03  8.71548131305e-04  3.03129469510e-03 -1.39372549968e-03 -3.53057085535e-03  1.37790927349e-03 -2.71616036512e-04  1.02458754733e-03  1.68337374833e-04 -2.99401150881e-04 -5.04704457898e-05  8.88711781253e-04  3.48469078906e-04 -1.20008411398e-03  1.44646883894e-03 -1.69864681585e-03 -3.44831401099e-04 -1.81265425198e-05 -3.35701598536e-04 -1.94355819931e-03  1.37743442735e-03  2.21243067530e-04  3.90960064185e-03 -8.02144709649e-04  2.84590644416e-03 -9.08572291804e-04  1.30285620251e-03 -7.75555307594e-04  1.43937750533e-03 -2.73913102298e-03 -3.64406188958e-03  2.97256078496e-03 -3.86643140051e-03  3.93050282620e-03  3.86714909828e-03 -3.78416191000e-03  9.25061107895e-04 -2.90596632101e-04  8.66043351923e-04 -6.11669378994e-04 -1.03449393395e-03  1.70706710728e-03 -2.40857396380e-04 -2.57727432446e-03 -2.39899317962e-03 -3.49282912198e-03 -2.09315569908e-03  1.28471826174e-03 -2.18629108812e-03  5.18429875462e-04 -9.59501787110e-04 -5.14015745158e-04 -3.09163873616e-03  3.52153390218e-03
