 1.13610521667e-01 -2.08254521463e-03 -3.25623388498e-03  4.56840156849e-03 -9.92876241179e-03  2.06203616230e-03  3.63536902256e-03 -1.09864455397e-03  1.20111328990e-03  2.05211572987e-03  3.82692744148e-04 -1.64292530893e-03 -7.85838316416e-04 -2.31099544900e-03  5.14996695643e-04 -1.11698005898e-03  1.77567988107e-04 -3.07112489781e-04  2.73613776113e-04  1.52201246928e-04  7.46075221024e-03 -1.82118868291e-03 -4.31801571360e-03  2.75068717830e-03  3.89875264250e-03 -6.05616337749e-04 -5.05589220429e-04  1.60828969247e-04 -6.07283873669e-04 -2.77981156412e-03  2.37300643159e-03  1.24146154619e-03 -1.86677088057e-03  5.12853986882e-03  3.77337211596e-03 -1.74048335593e-03 -3.05383426717e-03 -1.64078015383e-03 -9.27217871724e-04 -7.19042589048e-03  5.96107412204e-03 -1.50808245618e-03  9.39215829127e-04 -1.03582292126e-03  2.74996407572e-03  1.98639452127e-05  7.66955981030e-04 -1.36194863267e-03  2.26897844803e-04  3.25220213754e-03 -1.79247330266e-03 -7.23670780297e-04  1.88714365373e-03 -2.32122572798e-03 -1.09777197562e-03  6.76195751160e-03  9.85527516207e-04 -1.70340046451e-03 -2.37596001530e-03 -9.07545057440e-04  7.59250829022e-04 -6.46158123698e-03  3.08272843635e-03  3.83189412838e-03  3.64204210280e-03 -5.56779026402e-04  2.41382177544e-03  2.57126023487e-03  1.40122500193e-04 -6.97150896475e-04  5.32923515899e-04  5.09260093089e-03 -1.21653492011e-03 -2.95894447461e-03 -7.11929680581e-03  3.27462720292e-03 -1.01806921023e-03 -5.11337082012e-03  2.63383402892e-03  1.78906479930e-03 -5.99359404346e-03 -3.92784956404e-05  3.88440831631e-03 -4.35838509286e-03  2.35338787167e-04  6.13663838013e-04 -4.18500555783e-03 -9.26937735902e-04  1.03877891486e-03 -4.94405998365e-04  1.48384207522e-03 -6.90234165028e-04  1.66023223457e-03  1.00805687234e-03  8.25469457845e-04  2.48577097976e-03 -5.83987373604e-04 -5.87915961853e-03 -1.38025699640e-03 -8.14157957950e-05 -3.33455128487e-03 -1.57925780371e-03  2.36746605343e-03  3.25073091008e-03 -3.98675882340e-03  2.01706820155e-03  3.57411975511e-03  2.52333814112e-04  2.14806388868e-03 -2.97734564162e-03  6.54073162273e-04  1.12764212857e-03  1.60364277987e-04  2.98479750691e-03 -1.38602095539e-03 -4.98167969546e-04 -6.06638287624e-04  2.00755020738e-03  1.65073867479e-03 -3.41457157336e-03  1.97115445241e-03  8.63778391462e-04  1.17176375899e-04 -1.03000544650e-04 -5.03766059428e-03  1.68033863745e-03 -2.60518347972e-03  3.56987874223e-04
-2.08254521463e-03  1.06071909339e-01  9.50410211385e-03 -7.01650700100e-03 -8.15568864321e-03  2.21474764292e-03  1.41698724649e-03 -1.73601151804e-03 -1.13101461119e-03  4.41125999379e-04  8.54487961231e-04  1.11894042056e-03  1.20103370692e-03  1.45998592603e-03 -1.85672548934e-03  2.27419568662e-03  4.75380801743e-04 -1.85093840814e-03  1.06669487642e-03 -2.71412123139e-04 -1.30675179322e-03 -3.12553547712e-03 -2.68080459222e-03 -6.08333961840e-03  3.16955969601e-03  5.32698582732e-04 -5.70166291345e-05 -2.67043774335e-04  4.86260986350e-03  2.40522877482e-03 -1.69049962979e-03  2.60958275245e-03  2.45864971991e-03  1.84161998954e-03 -1.88702219270e-03 -2.28783957241e-03  3.45141464803e-03 -2.15290665505e-03 -5.42641825543e-03  2.11506701519e-03 -1.53377588500e-03 -2.65815143469e-03 -2.25913517215e-04 -3.08207118704e-04  5.87706122441e-04  1.03849126551e-03 -6.20158498883e-04  8.30601338983e-06  4.50606565522e-03  4.43237271495e-03  1.82637956296e-03 -1.12866961895e-03 -2.18188197329e-03  5.25936340420e-03 -1.57719511464e-03  4.05958139310e-04  6.94960735403e-04 -3.56565127235e-04  1.35926632888e-04 -1.42627093733e-03  1.55900350601e-03  3.24782066959e-03 -2.91138155156e-05 -1.44368993448e-03 -2.32080008829e-03 -3.82719135589e-03  1.86732135342e-03 -3.59379814815e-03  5.10850560507e-04 -7.08159225246e-05 -6.88769158043e-04 -1.55910809694e-04 -1.51542904379e-03  2.76536143636e-03  4.07856133614e-03 -8.41065532883e-04 -3.11937998638e-03 -1.88401578139e-03  2.09732038504e-03 -1.65646711104e-03 -2.35096010102e-03  9.64225371389e-04 -5.01048141026e-03 -1.70225158535e-03 -1.19245053167e-03  1.51859618580e-03 -2.45982664551e-03  1.09139103179e-03  5.70146171688e-05 -2.03264832259e-03  1.93502315747e-04 -3.31094391484e-03  8.74504307480e-04  4.38770104405e-03 -1.37837880917e-03  8.45639054179e-04 -1.94318610881e-04  6.79544381868e-04  4.16744296720e-03 -4.89158575749e-03  5.40380601695e-03  2.64673784961e-03 -1.07881338960e-03 -1.03251443892e-03  4.08769580586e-03 -3.81484018727e-03 -1.98791974360e-03  1.13018517744e-03  2.44339400573e-03 -4.13712802159e-03 -1.36406517401e-03  1.39184349148e-04  1.75278805399e-03  4.85281234536e-03  2.26928923016e-03  2.99582294328e-05  3.22087835657e-03 -2.65811049399e-03  1.06235238106e-03  6.17591987842e-03  4.58399107492e-03  2.13385516832e-03 -8.99416829941e-04 -6.18487549491e-05  3.90018464336e-03 -1.16932286232e-03  2.77784886860e-03 -9.03701240586e-04
-3.25623388498e-03  9.50410211385e-03  7.42597877730e-02  5.21482077115e-03  2.98298733815e-03  4.83578197387e-03  5.16493994385e-05  9.39280805001e-04 -1.80249012737e-03 -1.68672145060e-04  1.94768467877e-03  3.12784206937e-04  1.27463391469e-03  7.63556663364e-04  1.46440635381e-03 -2.68765730670e-03 -3.10680818422e-04 -1.52644338596e-03  9.94629352218e-04 -1.27520754514e-03 -1.75244423704e-03 -7.53616000047e-04  5.40143332881e-03 -2.73650594485e-03  1.88508873837e-04 -4.39503995961e-03  8.33558338702e-04 -1.43592580981e-03  9.02809802674e-04 -1.97080883734e-03  3.16856703480e-03  2.59407863396e-04 -5.72717950340e-03  7.17067409878e-05 -1.02071011526e-03  1.16144106740e-03 -8.17300163657e-04  1.75283300793e-03 -7.48601903083e-04  2.00521799123e-03  4.48198536014e-04  3.14020585325e-04  1.21309371605e-03 -1.32823214022e-03 -3.35409264753e-03 -2.22787179480e-03 -1.03083886099e-04  2.80368078532e-03 -1.04089328521e-03  3.22484968852e-03  2.10058142962e-03  2.59763525683e-03  3.28309383160e-03  3.26898311716e-04  1.13720018052e-03  4.94920511138e-04 -2.04474423325e-03 -1.25215168413e-03 -3.40099981749e-04  7.71671146509e-04 -1.12634549268e-03 -1.07607548137e-03  8.11272455177e-04  3.82174482446e-03  1.83664598134e-04  2.12036561644e-04 -1.44723791253e-03  9.12076979407e-04 -2.58949208946e-03 -1.38211460846e-03 -1.72037904779e-03 -1.46569437763e-03 -1.59556396415e-03  2.79323395909e-04  1.69837493141e-03  8.28967923464e-04 -1.16810063080e-03 -2.87377355333e-04  1.13906283041e-03  3.73337881824e-04  1.01678070955e-03  6.58592313122e-04  2.17122454149e-03 -2.74111125521e-03 -3.00525197540e-04  7.98943302005e-04 -9.66318669362e-04 -5.27409858333e-04  1.31787761027e-03 -1.54856241070e-03 -2.15361722541e-03  5.25819812673e-04 -2.00539415047e-03  1.95809891563e-04 -1.79004936551e-03  3.05729669664e-04 -5.35391453946e-04  2.11607933509e-03  3.46084916967e-03  2.13493851042e-03  1.47463250147e-03 -1.02534362346e-03  4.56367752829e-03  3.44870876428e-04 -2.92452587587e-03 -2.32453629349e-03  1.47683809223e-03  1.00666824173e-03  9.43321943156e-04 -1.80971011883e-03  2.03521457165e-03 -2.32048430710e-04 -6.47816834711e-04  1.19096384209e-04 -5.80594391921e-04 -8.83138776190e-04 -5.90257980021e-04 -2.71831957474e-03 -7.06195070344e-04  1.70547251832e-03  3.80466391095e-03  1.24656031682e-04  2.64774664489e-03 -3.57782982921e-04 -8.88314723076e-04  3.23087632877e-03 -3.38813477891e-03  2.67044029701e-03
 4.56840156849e-03 -7.01650700100e-03  5.21482077115e-03  9.11758666010e-02 -5.11289786052e-03 -7.95816572618e-03  8.26415569614e-03 -4.21269904160e-03  1.53752703963e-03  1.75030825782e-03  1.94086736632e-03 -1.20659682404e-03 -1.17568978993e-03 -3.49593120338e-04 -3.96243162985e-03 -6.60606982267e-04 -1.39511918554e-03 -6.01937791870e-04  1.99122159240e-03  9.45491389286e-04 -1.44121356931e-03  5.11658252376e-03 -1.35200030834e-03 -1.67461438610e-03 -8.40632712049e-04 -1.35725944793e-04 -3.04200016511e-04 -1.39295883713e-03  2.75001558156e-03 -1.71760401792e-03  4.63712236665e-04 -1.40603505269e-03 -2.21611735775e-03 -1.27487874060e-03 -2.61100084919e-03 -2.52450015571e-03  4.34995593103e-03  1.77086122014e-03 -1.40815732752e-03  1.06369479009e-03  7.39896053756e-04 -2.51327237066e-03  1.37375884101e-03  2.70050735249e-04 -2.45878581265e-03 -4.21818295348e-03  6.15268125489e-04  8.44623425196e-04 -4.90688761586e-04 -1.74275790393e-03  4.54065297032e-03  2.61809852445e-03  2.87125185010e-03 -3.01594810630e-03 -3.10493213266e-03  4.12255965856e-04 -1.06152877665e-03  5.59288314960e-05 -3.86853063837e-03  1.29946891645e-03 -2.37494035697e-03 -2.33068270468e-03  3.48700204536e-03  4.12922801515e-04  2.29169560884e-04 -4.01431902644e-05  2.42585769478e-03  2.73681571844e-03 -2.65831096610e-03 -1.17784828946e-03 -2.14006259051e-03 -2.19372194789e-04 -2.02321387380e-03  3.16479068814e-04  8.29203672540e-04 -2.74702512510e-03  4.02731451722e-03 -6.75429852207e-04 -1.49325509441e-03 -1.33191991416e-03  1.34663767828e-03  1.01525407343e-03  7.64851959952e-04  4.62478799428e-04  4.17334605252e-03 -1.24043734197e-03  5.11215004587e-03 -6.26870214196e-03  5.24966783807e-04  3.61319124692e-03 -1.24515353704e-03  6.12418889241e-04  3.17816922961e-04 -3.48318578498e-03  1.96961266598e-04  8.52912746296e-04 -3.86214734892e-03  3.70077519692e-03 -2.89866202482e-03  2.64355890029e-03  8.82919482973e-04 -3.19805576053e-03 -1.01641916697e-02 -4.70310323450e-03 -2.65123022961e-03  1.46886620110e-03  7.52930990765e-04  3.09978762231e-04 -1.64633703547e-03  1.14008249396e-03  1.82748575035e-03  1.47722548512e-03 -2.98520495716e-03 -5.85897458805e-04 -3.33732197212e-04  5.20836112823e-03 -8.47722814022e-04  1.46265617645e-03  3.46570401902e-04 -3.94644500317e-03 -5.77804866509e-03 -1.84244974837e-03  2.33867562098e-03 -3.48310113258e-03  1.77013089056e-03 -1.97573909607e-04  1.59485353800e-03 -1.57255208867e-03
-9.92876241179e-03 -8.15568864321e-03  2.98298733815e-03 -5.11289786052e-03  9.76552993005e-02 -1.43547092623e-02 -2.35138064967e-03  3.08623045778e-03 -1.79160938641e-03 -1.80403716879e-03 -6.59163587852e-04 -4.61715679991e-04  1.76303045503e-03 -3.08046023674e-03  1.62762133815e-03 -4.49629727364e-03  1.98872638196e-03  1.62472478829e-03 -1.03190867786e-03  2.53128046748e-03 -2.22247511761e-03 -1.64538047476e-03  1.86688539214e-03  6.72102943298e-03 -4.45581357863e-03  7.40298490727e-04 -4.29979231087e-03  2.35768135472e-03  2.12160578576e-03  1.69291512851e-03 -7.77677106889e-04 -4.46254362480e-03 -7.62022973796e-04  2.59120779041e-04 -8.19517405721e-04 -4.70549698977e-04 -8.06835503608e-05 -1.22216382158e-03  5.80694685846e-03  3.53412449961e-03 -3.88633471835e-04  5.59853321831e-03  2.68559915665e-04 -7.78182767076e-05 -1.38969229775e-03  1.05637911251e-03 -2.23935146321e-03  7.01930693035e-04 -3.87837786848e-03  1.74119072327e-03 -8.58640722112e-04  1.71886805077e-03  7.82285423900e-04 -1.28248876886e-03 -1.25679995875e-03  1.97765467984e-03 -5.74383161929e-04 -2.50076352972e-03 -2.83599966916e-03  3.15034734584e-03  7.64557379734e-04  2.20828372274e-03 -9.57415534302e-04 -1.42295352623e-03 -2.45763886981e-03  1.27318474608e-04 -2.43722649544e-03 -1.86714500103e-03 -3.57998055905e-03  3.80177249711e-03  2.17975730094e-03  1.09147186327e-03  3.34705304768e-04  3.53670678818e-03  6.83175710362e-03 -4.39163012556e-03  1.14812371510e-03 -7.86602005616e-04  1.22051198774e-04 -2.37363453738e-03  1.79126627855e-03 -6.07881602579e-04 -3.57943330056e-03  3.08606326070e-04  7.74394873931e-04  1.08516676152e-03 -4.35158301390e-03 -2.92028842660e-03 -1.23458412452e-03 -1.75170187245e-03  1.40016313785e-04  5.16105936519e-04  7.69539667401e-05 -1.78414496656e-03  1.58999820134e-03  2.65101190936e-03  2.52884137740e-03 -1.17799124534e-03  1.28972370681e-03 -1.91341041746e-03 -2.82304488944e-03  8.22529310945e-04  6.46854240857e-03  3.54857502328e-03 -1.63749557114e-03 -3.58116517096e-03  6.25524589577e-05  1.94583369731e-04 -3.82866930257e-03  1.40024885999e-03  2.43311669328e-03 -1.02160630748e-03 -1.61098751608e-03 -9.60443354544e-04 -4.42463825706e-04  1.26390225985e-03  3.01368540133e-03  1.82138345020e-03  7.17356334045e-04 -2.74912738744e-03  1.67137506890e-03 -4.42880938052e-04 -3.14904169176e-04  9.16430794370e-04 -1.59364309293e-03 -1.18174983681e-03 -6.11504313338e-04  4.12209252689e-03
 2.06203616230e-03  2.21474764292e-03  4.83578197387e-03 -7.95816572618e-03 -1.43547092623e-02  9.32885515153e-02 -7.37221429638e-04  6.48434025506e-03 -1.29263345801e-04 -1.13929743037e-03  3.87323704217e-04 -4.41546772123e-03  1.44426275140e-03 -1.18928581463e-03  2.29832164777e-03 -9.78633749499e-04 -2.09127995249e-03 -9.01767154272e-04  7.05284330651e-04 -4.40228668735e-03  6.06382829414e-04 -3.69464167615e-03 -1.38790508788e-03 -2.46721954959e-03  2.98451974639e-04  2.45054572571e-04  3.87526389810e-03  4.31363016852e-04 -3.38340689248e-03 -1.27077418808e-03  3.01509318432e-03  1.99324177319e-03 -8.16996989554e-04  7.83307464959e-04  2.54245198348e-03  2.15386458877e-03  1.23089466924e-03 -1.67068117347e-03 -7.29083267884e-04 -1.18971395943e-03  6.99671220523e-05 -1.46592872308e-03 -6.48588540411e-04  4.95664107396e-04  1.22757634035e-03  7.00880526872e-04  2.23692812141e-03  1.96733083461e-04  1.09351170900e-03  1.62940330859e-03 -1.60154438862e-03  2.55456339197e-03  1.47052733310e-03  3.17595372777e-03  1.23616417111e-03 -5.41286978919e-04  4.29962062877e-04  1.72598033341e-03  8.83862460188e-04 -2.06924718386e-03  1.96341250253e-03  2.12764201653e-03 -5.27121427727e-03 -1.50709965507e-03  1.80588652832e-03  1.93031503940e-03  2.95432646275e-03  9.90109781776e-04  2.54171127827e-03 -2.20722923538e-03  2.55443867850e-04 -2.59739620296e-03  1.14091720123e-03  2.03226489481e-03 -1.86997151556e-03  4.45266584694e-04 -2.41432407264e-03  2.20180785355e-03  1.27022349057e-03  3.26393933635e-03 -4.13586393992e-03  1.37577749588e-03  4.37887876902e-03 -2.68614501745e-03 -3.99029189513e-03 -1.38650911052e-03 -1.52142027543e-03  8.96612230656e-04  2.28071505369e-03 -3.98298554481e-03 -1.95463564997e-03  2.15669933323e-04 -2.11919031628e-03 -1.22286612269e-03  4.08329081933e-03  2.74432481608e-03  9.39523271029e-04  7.27069628269e-06 -4.30147023639e-03 -4.58503020144e-04  2.99111760086e-04 -4.28507042071e-03 -1.00863141126e-03 -1.36061545984e-03 -1.69515724639e-03  1.35212809001e-03  8.34086853839e-04  1.53398260021e-03  1.33705838678e-03 -2.93288902385e-03  1.88663174558e-03 -1.92015527021e-03 -1.46327417992e-04 -1.27801779522e-03 -1.29207649167e-03 -1.66763793927e-03 -1.16203990058e-03 -1.10301391379e-03 -8.50704703954e-04  3.66798225390e-03  2.39493250067e-03  7.31159856260e-04 -7.72444258813e-04  2.20425379859e-03  1.59473886146e-03 -1.72520764686e-03  1.40949437224e-03 -2.27179341578e-03
 3.63536902256e-03  1.41698724649e-03  5.16493994385e-05  8.26415569614e-03 -2.35138064967e-03 -7.37221429638e-04  7.99227556756e-02  1.15832724615e-04  4.69952945683e-03 -5.01003482484e-03 -4.40308597870e-03  6.76746820527e-04  9.86077365573e-04  2.14474638832e-04 -1.72988802352e-03  7.12357261671e-04 -4.38633431380e-04  4.93091421115e-04 -2.26280195151e-03 -2.95948915188e-03  1.53527563688e-03 -3.90632925166e-04  2.20880216845e-03  1.26003656474e-03  5.09001481944e-04 -2.71817113668e-04  7.95593737511e-04  4.93505950359e-04  2.41039341187e-04 -7.40795932507e-04  2.08937473633e-03 -3.08648139507e-03 -2.24397318577e-03 -1.87800351211e-03 -1.15961667733e-03 -3.59316907804e-04  1.82658929348e-03 -8.07270016830e-04 -1.29893254500e-03 -1.68659965396e-03  3.41067630517e-04 -5.44840856281e-03 -9.43997671734e-04 -4.14114375233e-05  1.26212444624e-03 -7.37713362579e-04  1.67756073384e-03  3.70034987190e-03  1.43627301930e-04 -4.88562374363e-04  1.40840640453e-04  3.34031258959e-04  2.97515436482e-03  3.90288980140e-03 -2.69427722955e-03  2.88115926095e-03 -1.96397120985e-03 -1.58592404368e-03 -2.67752753524e-03 -8.39456621881e-04  1.36878335736e-03  2.01581566603e-03 -1.76478016737e-03 -1.81710619665e-03  4.32304095014e-04  1.34048800963e-04  1.59649339994e-03  8.29874810447e-04 -2.30896279923e-03 -1.60895439004e-03 -2.14741987788e-03 -1.27577050623e-03 -2.51752716694e-03 -6.10528780693e-05 -1.24457476832e-03 -5.49146704994e-04  2.69242633879e-03 -4.35516333557e-04 -7.83318555813e-04 -1.28817791364e-03 -2.51212161692e-04  1.04893520069e-03 -3.58783737487e-04 -2.77129013291e-03 -7.49784274387e-04 -1.01959688085e-03  2.51026605543e-03 -2.33400699377e-03  1.80663071430e-03  6.86769043320e-04 -4.16895267724e-03 -6.59533507578e-04 -1.21437089802e-04 -5.73391338054e-03  1.14226584846e-03 -2.27971832229e-03  1.98462762858e-04 -7.26372604005e-05 -1.34446143060e-03 -5.25376104290e-04  3.60618106809e-03 -5.70595348311e-04 -5.81632705595e-03 -1.96867110499e-03 -2.30743791147e-03 -3.51892354957e-03  1.13109614545e-03 -2.22298093404e-03  2.44127090000e-03 -1.38357258426e-03  5.35763067923e-04  3.79520167267e-03 -9.69197840305e-04 -3.76913708453e-03  7.93971548694e-04  7.79246201502e-04  9.66131289116e-04  1.47823656558e-03  1.95960806201e-03 -1.92392771842e-03 -6.12962839809e-04  2.55044007500e-03 -4.32881443888e-03  3.52171640619e-03  4.89778154608e-04 -1.29146317210e-03 -6.71969886600e-04 -2.00178380071e-03
-1.09864455397e-03 -1.73601151804e-03  9.39280805001e-04 -4.21269904160e-03  3.08623045778e-03  6.48434025506e-03  1.15832724615e-04  8.41535173579e-02 -2.13547857223e-02 -7.15296281822e-03 -1.28386174939e-02 -6.02875277781e-03 -2.91858010983e-03 -1.21466646374e-03  2.43499148361e-03 -2.49911902808e-04 -2.25576070247e-03 -2.51575027109e-04  2.07871200599e-03 -2.17862681529e-04 -3.99658340125e-03  3.27811956324e-04 -7.10942642375e-04  9.88850522564e-04  3.98369508530e-03  2.87506319475e-03 -1.79514023372e-03  3.11690750180e-03 -1.31923699210e-04 -2.23003603568e-03  5.22700039335e-05 -4.24504914648e-03 -1.37831323628e-04 -1.77510865865e-03 -8.88149130158e-04 -1.82051469005e-03 -1.65279409092e-03 -2.36010010066e-03 -1.99661520947e-05 -1.81371519378e-03  9.05637623145e-04 -1.61398193863e-03  1.29324304974e-03  4.89351201639e-05 -3.74201560987e-03 -2.57902446749e-03 -2.35800088500e-03  2.69310357252e-03  2.05729855508e-04  2.41104644992e-03  2.50113219429e-03 -6.48586276029e-04 -1.93454078780e-03  2.95571837797e-03  1.95217372398e-03  2.47151514313e-03 -8.38367337525e-04  2.45143704326e-03 -3.56095384613e-04 -1.35891140328e-03  1.58902973712e-03 -3.41690716324e-03 -1.71868690108e-04 -2.43985330595e-03 -1.21799436734e-03 -4.58629060012e-04  2.60065958574e-03 -1.75002935452e-03  9.07737345174e-04 -1.44610657836e-03 -4.08462900620e-03 -3.02773396616e-03 -2.05386665475e-03  2.60619936312e-03  3.29570120067e-03 -3.30730088572e-03  3.13200918503e-03 -3.80492805855e-04 -1.84089829985e-04 -4.62834068383e-04 -3.29392422696e-04 -8.82386143602e-05  3.14955722819e-03 -3.31661711648e-04  1.30658399374e-03 -1.94083001053e-04  6.65569444161e-03 -1.31932234231e-03  2.41726524416e-03 -3.65110569977e-03 -1.65711658622e-03  1.48396081843e-03 -3.78060059234e-03 -1.18446140753e-03  1.79185759916e-03  3.13660746528e-03  5.35956318825e-05  5.92804291150e-04 -1.91947556987e-03 -2.46832338690e-03  1.73864695985e-03  2.84199103051e-03  5.29421776117e-03  9.84477267358e-05 -3.79651980593e-04  1.12112465083e-03 -3.22753942060e-03 -3.29134077161e-03  2.69779765006e-03  3.58675651281e-03 -6.85154201938e-04  3.73782881437e-03  8.41941087518e-05  2.08611719798e-03  1.33379851606e-03  1.25516584473e-03 -1.62889911069e-04  1.48482863687e-03  5.42413323396e-04 -5.12097124235e-04  9.81040918834e-04 -2.64592994129e-03  3.82461191733e-03  1.41878574315e-03  3.48317439657e-03  5.26692548344e-03 -1.83045979565e-03 -8.95006432579e-04
 1.20111328990e-03 -1.13101461119e-03 -1.80249012737e-03  1.53752703963e-03 -1.79160938641e-03 -1.29263345801e-04  4.69952945683e-03 -2.13547857223e-02  7.25830509642e-02 -1.82927452888e-03 -2.17636935589e-02  6.26643848868e-03  1.83604860486e-03  4.82372495880e-03 -5.53584668658e-04  1.89799071334e-03  1.39438654157e-03  1.72926823070e-03 -2.15281687976e-03 -8.27557888871e-04  4.49749495216e-03 -1.53687175947e-03 -1.26959951538e-05  1.71373611103e-03 -2.28786059313e-04 -1.40708232771e-03 -5.16971501584e-05  4.89349145599e-04  9.72885421334e-04 -1.00726256716e-03 -1.94545897738e-03  4.19626498316e-04  5.45735167385e-04  2.73085598907e-03  1.25806507102e-03  3.14354893986e-03  1.88379197333e-03 -7.21553057598e-04  1.97901437328e-04  1.95400282742e-03 -2.35885631003e-03 -1.57228365002e-03 -8.73717390153e-04 -8.22179703410e-04  5.10962379510e-03  4.01373082747e-03 -7.91110732640e-04 -3.27218031286e-03  3.75068586668e-07  9.60843407388e-04 -1.18974836513e-03 -1.07482853751e-03  1.17762268581e-05 -3.03030218956e-03 -3.86801278318e-03 -5.60826695703e-04 -2.18379543023e-03 -1.83546518225e-03 -2.10350110858e-03  3.09794514424e-03  6.40268523370e-04  5.25699631078e-03  1.29942588525e-03 -1.42963616042e-03 -1.32505555268e-03  1.01106728367e-03  9.19040570408e-06  4.08733641702e-03 -6.81966945679e-04  9.75919428743e-04  7.04397375049e-04  6.18644758430e-04 -3.11810857380e-04 -4.47616375157e-03  4.93899018731e-04 -7.88703654212e-04 -2.13521666856e-04  1.74452012946e-03  2.29716548464e-03 -3.52520073687e-03  4.59650686176e-03  8.55649302696e-04  9.73681155860e-05 -4.62255493496e-03 -2.24068066527e-03 -2.93307686236e-04 -2.30445659509e-03  1.99665542075e-04  5.49905611103e-04 -1.42949829188e-04 -1.84752635667e-03  2.61290396144e-03  1.46638598899e-03 -7.81351446995e-04 -2.38148212964e-03 -3.91151660923e-04  1.31006534537e-03 -1.80867512773e-03  5.63767564822e-03  7.51940694544e-04  2.48319115719e-03 -9.18702189411e-04 -1.12454086321e-03  2.76614140114e-03 -1.80230700642e-03  1.15285732993e-03  1.06380506944e-03  1.91270756693e-03 -2.33564823294e-04 -1.85464719885e-03  8.90935915619e-04  1.72964952788e-04  2.89821671552e-04 -1.62051179237e-03 -1.80297351947e-03 -2.27861202809e-03 -8.51643681706e-04  3.39223534742e-04  1.41292002013e-04  2.35661886907e-03 -1.57178490774e-03  3.38193415123e-03 -2.90703281369e-03  9.33664009662e-05 -1.57840447159e-04 -3.11979436143e-03  1.26931158130e-03 -8.91446130185e-04
 2.05211572987e-03  4.41125999379e-04 -1.68672145060e-04  1.75030825782e-03 -1.80403716879e-03 -1.13929743037e-03 -5.01003482484e-03 -7.15296281822e-03 -1.82927452888e-03  8.00115872644e-02 -4.93910673749e-03  1.05143050275e-02 -8.32690286094e-03  3.45705559653e-03  2.56660273450e-03  9.96212915968e-04 -3.43227531664e-04 -1.54850448192e-03  1.88943508007e-03 -7.90977000911e-04 -1.64168517692e-03 -7.65984159126e-04 -6.04407578637e-04 -2.86034445518e-03  1.55598736434e-03 -7.10230787940e-04 -3.39873880584e-03  4.12659670888e-03  2.91991867503e-03  2.33815770513e-03  9.14655356329e-04  5.16197273914e-03 -5.43206367654e-04 -2.94293275823e-05  5.16425075867e-04 -2.45646011269e-03  7.94602776380e-04 -2.28488716099e-03 -1.19054151795e-03 -1.69693040240e-03 -1.38001489017e-03 -2.29525639107e-03  2.29232462900e-03  2.62926859219e-03 -2.49334471131e-03  5.31433815850e-04  1.67328562185e-03 -1.39843579672e-03  3.68393023555e-03 -2.43034728574e-03 -2.20634031520e-03 -2.18871642769e-03 -1.36584914264e-03 -5.31758427628e-04  8.92595283993e-04 -7.37174618927e-04  1.56586220720e-03 -1.67062936203e-03 -1.93174529779e-04 -2.03358693615e-03 -1.29503987077e-03 -2.69217365552e-03  1.58017136128e-04  1.58667770500e-03  3.12943037349e-03 -2.23976286590e-03  2.10255065413e-04  8.20041342512e-04 -2.29968647993e-03 -3.77914079693e-03  1.52064103803e-03 -2.84853467609e-03  3.68896975456e-04  1.74477863486e-03 -1.10863832364e-03 -8.57835636854e-05 -1.03271518492e-04  1.61619734441e-05 -2.16070198988e-03  2.00534341827e-04 -1.14737587490e-03 -2.04380166272e-03 -1.96326467762e-03  3.09608534307e-03 -1.00020349077e-03  1.50173077386e-04 -2.63260659868e-03 -4.81866904883e-04 -4.78541796019e-04  2.12625550998e-03  1.68993205506e-03 -1.86287519234e-03 -1.53911783043e-03 -1.02401645887e-04 -7.89559286117e-04  1.13117371039e-03 -3.20610709236e-03  3.54205713036e-03 -4.32377155903e-04  1.58567281379e-03 -7.17638409306e-04  2.33657996031e-04 -1.29136236001e-04  4.55790758632e-03  9.94914677292e-04  1.94806765607e-03 -1.24663347286e-03  3.53226591977e-03 -5.29599253538e-03 -1.72351012391e-03 -8.91602094966e-04  1.47811159928e-03 -1.63166462882e-03 -3.70926099632e-04 -1.85401718241e-03  1.04827286474e-03 -3.18430869729e-03 -2.75981046541e-03  1.89999266087e-04  2.06738555477e-03 -2.15183896650e-03  1.81277578258e-03  9.94889856450e-04 -3.47563893172e-03  1.73022121371e-03 -1.50831048128e-04 -5.56580624621e-04  3.14740667357e-03
 3.82692744148e-04  8.54487961231e-04  1.94768467877e-03  1.94086736632e-03 -6.59163587852e-04  3.87323704217e-04 -4.40308597870e-03 -1.28386174939e-02 -2.17636935589e-02 -4.93910673749e-03  7.62667730887e-02 -7.09014513411e-03  4.35089275665e-03 -7.04817554191e-03 -1.01083081008e-03 -1.28594507665e-03  1.06625010452e-03 -1.00895449070e-03  3.46009636089e-03  1.72467656734e-03 -6.62223993156e-04  2.91816654844e-03 -2.06008303161e-03  6.47270271682e-04 -5.28403532251e-03 -1.63131731402e-04 -1.50167209600e-03 -1.24514417704e-03  1.01700799922e-04  2.20867668678e-03  8.70484672610e-04  2.41979304537e-03  4.69667712348e-05 -1.89957628136e-03  1.81869440336e-05 -3.78859482303e-04 -8.23762114224e-04  1.08470815379e-03 -3.44834908782e-04 -9.39885330355e-04  1.19299343465e-03  1.06137746705e-03 -3.07710690866e-04 -1.14667487370e-03 -3.33950826155e-03 -2.35065354483e-03  2.81893546362e-03  1.74321585782e-03 -2.09214047987e-03  1.86929756754e-03 -7.28720630406e-04  1.97226641630e-03  1.51562564402e-03  1.65799371467e-03  3.07245539841e-03 -1.05615532713e-07  2.96704500258e-03  9.82580645290e-05  3.58788760318e-03  2.13487103951e-04 -4.46187244552e-03 -4.34859028415e-03 -8.05434290316e-04  2.49856181548e-03  1.05669741868e-03 -1.45996153039e-03  3.94702417107e-04 -2.86390169053e-04  2.07309973677e-03  1.93555617885e-03  2.50843329850e-03  2.17432054173e-03  1.25729201934e-03  5.25328680630e-04 -2.79902096998e-03  3.80456125375e-03 -1.21625687203e-03  3.88472500103e-04 -1.04053960001e-03  2.09248902158e-03 -2.30272578231e-03 -1.27118587202e-03 -1.01184775582e-03  2.64324353701e-03 -1.40717387245e-03  1.42413225532e-04 -1.71571591296e-03  2.09151947090e-03 -3.39521142535e-03  9.40783101032e-04  3.35121337688e-03 -4.29968108953e-03  1.46569657048e-03 -1.27058322390e-03  2.11679811894e-03 -4.37182018488e-04  1.04806404603e-03  2.44150019745e-03 -4.81593385987e-03  1.77956184839e-03 -4.26972750777e-03 -4.93297963584e-03 -4.47833270194e-03 -6.37756866335e-03  1.11756475663e-03  6.52863007404e-04 -8.96007023309e-04 -3.04433412318e-04  6.21455929653e-04  9.98847196403e-04  5.81433211379e-04 -3.77381733453e-03 -1.36193176527e-04  6.42011057739e-05  2.07979480008e-04  1.09557479486e-03 -1.75862089024e-03 -3.71285920212e-05 -1.27449057011e-04 -2.11029454252e-03  9.91626901343e-04 -2.77661779651e-03  2.83864481578e-03 -1.06691608208e-03 -2.47752809315e-03 -2.45098510588e-07  1.29597381577e-03 -5.80038377747e-05
-1.64292530893e-03  1.11894042056e-03  3.12784206937e-04 -1.20659682404e-03 -4.61715679991e-04 -4.41546772123e-03  6.76746820527e-04 -6.02875277781e-03  6.26643848868e-03  1.05143050275e-02 -7.09014513411e-03  8.43794277958e-02  1.86271809279e-02  1.06455873312e-02  4.70369104541e-03 -4.09181971508e-04  1.01977798198e-04 -1.43350413449e-03 -4.45895417504e-03 -1.33680322671e-04  3.80905825361e-03 -3.13149538342e-03 -4.71837376964e-03 -3.35168221381e-03  5.78906748355e-04 -4.44927420517e-05 -4.12663097908e-04 -1.03036485051e-03 -1.08448107350e-03  4.14045622342e-04  7.67792953594e-05  3.10056773203e-03 -3.62170195911e-03  4.11441489615e-04 -3.08435925022e-03  6.70792521375e-04  1.29917719350e-03 -4.58471880460e-03 -1.51317960150e-03  7.45265854263e-04 -4.12972058545e-03 -1.95279242435e-03 -5.65249027455e-04  1.90638272668e-03 -2.00789285290e-03  3.20434624010e-03  1.63635751536e-03  2.35816022619e-05  1.72059829708e-03 -3.12716940680e-03  4.18472216496e-03 -1.96918126317e-03 -2.48143117081e-03  1.33852106774e-03 -1.11905381103e-04  4.76317635430e-04 -1.25478271425e-03 -1.01955181013e-03  1.39023088667e-03  3.08334728244e-03 -2.30135850779e-04  1.70608944872e-04  2.75691334189e-03 -8.93035677750e-04 -1.37830694326e-03  3.08783759071e-03  2.17043575106e-04  2.54849348517e-03 -3.53854704975e-03 -6.83084588781e-04  1.06831601450e-03  3.13868044912e-03 -5.92911622214e-04  3.06491160287e-04 -5.01626337238e-03 -9.12341695498e-04  4.75147796620e-03 -1.64724326888e-03 -3.99773534980e-03 -3.49891065859e-03  8.73339072070e-04 -2.34332879431e-03 -6.05192821646e-04  1.58342192663e-03 -2.98578428982e-03  1.39097065164e-04  1.84877223747e-03 -3.64115580723e-03  1.97945780785e-03 -1.22584715530e-03 -8.72075601035e-04  1.77573494358e-03  5.24066962348e-03  3.57736261480e-03 -4.33906721945e-03 -3.63892409236e-03  8.79009728687e-05 -8.08430172386e-04 -2.57817128967e-04 -3.46030147934e-03 -2.61660594159e-03  1.44516384350e-03 -2.57981795115e-03 -1.69879459840e-03 -3.36600278212e-04  7.96959439201e-04 -2.12135483167e-03 -3.85699322412e-04 -4.12646570699e-03  6.43887141507e-04 -9.12461106844e-04  4.11857277014e-03  4.33619325677e-03  9.88474566555e-04  2.79185803991e-03  1.89774634879e-04 -1.15353184597e-03  6.24463795254e-04  2.67948353424e-03 -1.35412008903e-03  1.46582040137e-03  2.08313160359e-03  1.01309101463e-03 -1.09346185790e-03 -4.50871487887e-04 -2.14913895507e-03  1.99923175069e-03 -2.51069207396e-04
-7.85838316416e-04  1.20103370692e-03  1.27463391469e-03 -1.17568978993e-03  1.76303045503e-03  1.44426275140e-03  9.86077365573e-04 -2.91858010983e-03  1.83604860486e-03 -8.32690286094e-03  4.35089275665e-03  1.86271809279e-02  8.83850833648e-02  2.68557912185e-03  4.13485733354e-03 -2.38847920178e-03 -9.36915206344e-04  8.82951448721e-05 -3.15531944498e-03  1.80110918465e-03  3.25670498582e-03 -2.96857268461e-03 -5.82705066007e-03  1.10969860824e-03 -3.90885770922e-03  1.59209063192e-03 -1.64064348473e-03  3.21260112829e-05 -2.24298141248e-03  1.47620732177e-03 -7.27491074724e-04  3.20911123078e-03 -9.51572546968e-04 -5.85502337153e-04  6.82639282220e-04 -7.30071410655e-05 -1.21884321407e-03  1.22558617877e-03  7.94225642822e-05 -1.05507554096e-04  1.98454459170e-03 -2.10771230208e-04 -1.54353236794e-03 -3.15682985447e-03 -1.73696153764e-03 -3.68366017499e-04  1.51687594880e-03  4.13394193879e-03  1.33046645965e-03  2.16291997259e-03  1.76093068244e-03 -1.72802076396e-04 -2.39035520350e-03 -2.69890195612e-03  3.63537627390e-04 -3.01824650218e-03 -4.57300999595e-04  1.41620849087e-04  1.18266673014e-03 -6.96682656376e-05  2.33856851706e-03  1.61837265358e-03  1.56923651555e-04 -5.30411621286e-03 -3.20739009422e-03  5.41706311996e-03 -3.01513846410e-03 -5.13224847714e-04 -5.63273088819e-03  3.04857933781e-03 -5.99156953087e-04  7.55205482723e-04 -5.95136222150e-04  1.61130814523e-03 -1.89743943295e-03 -6.17469038696e-04  1.86163703154e-03 -2.52275633859e-03 -2.49349441953e-03 -5.70483179531e-05  7.99938395160e-04 -7.48438225133e-04 -1.24948327395e-03  4.68274397242e-04 -5.24916021529e-03 -1.92438806597e-03  2.86249326903e-03 -2.34770250593e-03  4.11205982474e-04 -2.70034827795e-03  7.56017637720e-04  4.82907735862e-04  2.28395741906e-03 -3.94264196500e-03 -4.92705106750e-04 -2.09208070106e-03 -1.05934089319e-03 -5.89350350780e-04  7.94733339745e-04 -3.28525324042e-03  6.06394044883e-04 -1.01692881624e-03 -1.80816710869e-03 -2.91330183245e-03 -2.64038038546e-03  1.91724069282e-03 -4.11478548536e-03 -8.70921835343e-04 -2.04891831542e-03 -3.96025874932e-03 -1.68108245556e-03 -2.31220520680e-03  4.31265365522e-03 -1.37176882014e-03  1.95422766234e-04 -1.81533613480e-03  2.84467061063e-03  1.49606188320e-03  5.77066430199e-03 -1.54746301454e-03 -3.37839237057e-04 -2.87204477478e-04  1.50841211246e-03  7.28067667270e-04 -1.06243163618e-03 -5.38086470435e-04  3.22384093280e-03 -3.85275091386e-03
-2.31099544900e-03  1.45998592603e-03  7.63556663364e-04 -3.49593120338e-04 -3.08046023674e-03 -1.18928581463e-03  2.14474638832e-04 -1.21466646374e-03  4.82372495880e-03  3.45705559653e-03 -7.04817554191e-03  1.06455873312e-02  2.68557912185e-03  6.73445701075e-02  9.50522453086e-04  9.85868586105e-03  1.66205288892e-03 -1.18274182711e-03 -1.47596448701e-03 -5.67668580809e-04  4.10599634665e-04 -9.04830245207e-04 -3.13122112035e-03 -1.41942521961e-03  2.47341992848e-03 -4.20066914086e-04  1.13510147867e-03 -2.02252619466e-03 -1.55982037701e-03 -9.87213392203e-04 -2.12020493837e-03  2.46002600839e-03 -4.93493100951e-04  2.67143766355e-03  3.27335174637e-04  3.07297431211e-03  2.83369580320e-04 -3.59040248945e-03  1.75317285931e-03 -1.64606993937e-03 -1.43471795132e-03  6.20326533406e-04 -1.40004585331e-03 -1.31831292374e-03  1.46224440205e-03 -2.04293344597e-03 -2.49550285743e-03 -2.84414242393e-03  9.12680531144e-04 -1.79299709365e-03  5.05046025203e-04 -1.85351967181e-03 -3.99375236173e-03  2.32942781375e-04  5.38749818786e-05  3.87856841714e-04 -2.96861867078e-04 -9.32708093439e-04 -1.75282093370e-04 -8.55991261210e-04 -9.40016069725e-04  8.48111944322e-05 -9.73104695708e-04  3.56600607083e-04  1.49069189764e-03  7.53549014902e-04  1.55893054376e-04  1.47898093575e-03  8.35050581640e-04  1.21706371400e-03  1.19766916785e-03  3.22418054310e-03  1.57520331511e-03  3.16066861000e-03 -2.98687676467e-03 -6.77587198429e-06  1.78648589086e-03  4.61158419985e-04 -6.95522932759e-04  6.96206124016e-05 -5.35243839587e-04 -1.03481292186e-03  9.75515766221e-04 -1.67732594850e-03 -3.16804826429e-03  2.52466393520e-04 -2.58861043775e-04 -1.92382604064e-03  9.55392145197e-04 -6.59329924732e-04 -3.01399362082e-03  7.58489483749e-04  1.40408674104e-03  2.10029801954e-03 -1.76700245733e-04 -1.41768307296e-03 -2.59305459650e-03  3.40714474700e-05  2.03139736107e-03  1.14868603443e-03  9.81218993003e-04 -7.04977265640e-04 -1.94706021830e-03 -1.73319162216e-03  7.05601225352e-04  3.17859636280e-03  2.07111230938e-03  2.94647656434e-03 -7.59359201888e-04 -3.19080135174e-04  1.86767973376e-04 -2.86817419882e-04 -8.39540951729e-04 -2.13326603153e-03 -7.76727563176e-04  6.30531489083e-04 -1.75441599600e-03  8.78317654884e-04 -1.34850266425e-03  1.65531127421e-03 -2.67084235604e-03  8.24457206792e-04  3.48531120441e-03 -2.21423037063e-03  1.84729665116e-03  3.62112036580e-03 -2.99505956905e-03 -3.00918725304e-04
 5.14996695643e-04 -1.85672548934e-03  1.46440635381e-03 -3.96243162985e-03  1.62762133815e-03  2.29832164777e-03 -1.72988802352e-03  2.43499148361e-03 -5.53584668658e-04  2.56660273450e-03 -1.01083081008e-03  4.70369104541e-03  4.13485733354e-03  9.50522453086e-04  1.05113076243e-01 -8.00754191252e-03  8.00121978726e-04  1.45449408731e-03  1.56251775922e-03  1.35627562046e-03  1.27641534205e-03  8.52612937479e-04 -3.77617431883e-03  1.04247524863e-03 -5.95044059679e-03  3.83164102392e-03 -3.40918266784e-03  2.21967248688e-03 -4.47104210373e-04 -5.50854222350e-03  3.13972008773e-03  3.63781482972e-04  2.06846291052e-03 -1.92884394239e-03 -2.04670645554e-03  2.38772471752e-03  2.28970479928e-03 -4.36182027063e-03 -1.43034654316e-03 -2.80054861031e-03 -2.99105422551e-03  1.09523622916e-03 -1.37340749671e-03  3.10721372494e-03 -4.39271022092e-03  1.67845288402e-03  1.21471710447e-03 -8.59786688467e-04  1.42896033113e-03 -7.37689687715e-04  1.70177435980e-03 -4.43839906455e-03 -7.06406045105e-03 -9.90648432279e-04  4.23576419707e-03  3.02604405809e-04  7.68354048426e-04 -9.60673219788e-04  2.50863404719e-04  1.13955258459e-03  1.80902348666e-04 -3.30117340689e-03 -2.55657153773e-03 -6.92745977775e-04  3.98223462906e-03 -1.86478199703e-03  9.97735550121e-04 -3.48943586204e-03 -2.02609041228e-03  1.71693732888e-03  9.45875503611e-04 -3.94850074130e-03 -1.45628552195e-03 -3.72555258643e-03 -1.21112587724e-03 -1.23175005708e-03  3.23210595134e-03 -3.06911868456e-03 -1.57948100853e-03 -1.63372711624e-03  5.69499287278e-04 -6.30609784920e-04  3.42141184335e-03  1.61935299538e-03 -4.08097809653e-04 -8.55166800443e-06  1.73298436761e-03 -4.85514314246e-04 -2.74960914352e-03 -2.67063281824e-03  1.49397366500e-03  1.93064702494e-04  1.43448660572e-03 -1.45729743947e-03 -2.33332962107e-04 -5.19473620625e-04  1.76906561406e-03 -1.35740032068e-04 -2.48104024358e-03  2.96361962366e-03 -2.20564885617e-03 -1.93245760987e-03 -1.82429321376e-03  4.35368228734e-03 -1.42721140754e-03 -3.70238291396e-03 -9.79884480960e-04  2.06101719919e-03 -3.47420761193e-03  3.36616509279e-03  5.76551582517e-04 -4.62050125729e-03  1.17576344774e-04  1.34574756542e-03  2.92036422858e-04  1.37234007814e-03 -1.86791747770e-03 -3.36889865485e-03  6.60901752825e-04  4.22823890970e-03  3.99409062220e-03 -1.44152296123e-03  2.66071574040e-03 -9.61463756994e-04 -1.15982963901e-03  5.85369483097e-04 -7.34346156583e-04  2.37983410847e-03
-1.11698005898e-03  2.27419568662e-03 -2.68765730670e-03 -6.60606982267e-04 -4.49629727364e-03 -9.78633749499e-04  7.12357261671e-04 -2.49911902808e-04  1.89799071334e-03  9.96212915968e-04 -1.28594507665e-03 -4.09181971508e-04 -2.38847920178e-03  9.85868586105e-03 -8.00754191252e-03  7.62644834112e-02  3.74189580980e-03  6.82440177315e-03 -1.63925689176e-03 -1.57684954031e-03  7.74236030464e-04 -2.64796421099e-03 -4.69303236177e-03  6.36973281866e-04  5.92128853684e-04  1.34319441890e-03 -2.18039803751e-03 -4.14658220816e-04  6.22032490775e-04 -7.23414791738e-05 -2.43042805122e-03  1.32057182544e-03  1.80534776103e-03  1.77822014297e-03 -5.11472040821e-04  3.16752387652e-03 -2.13968585293e-03 -3.33822907310e-04 -5.45254142665e-04  1.44494353178e-03 -2.21747280867e-03 -3.00173886044e-03  4.09264276990e-03  6.12007895477e-05  3.69445502732e-03 -2.39376014455e-03 -1.24891885283e-03 -3.99984121859e-04 -1.95313195446e-03 -6.16661552304e-04  2.26432976908e-03  8.32242976910e-04  9.27240427987e-04 -7.07784997281e-04 -3.72001970813e-04  1.97672461820e-03 -3.64768043139e-03 -1.18115984899e-03 -2.56176173645e-03 -1.95418796634e-03  4.76176969081e-03  1.96397471467e-03  1.10808814504e-03  8.47202761894e-05 -1.42174020869e-03 -2.05662772598e-03 -6.05990322708e-04  1.60204138076e-04  2.36694590736e-03 -1.41801032448e-03  4.49736715454e-04 -1.03107818226e-03 -2.84805808296e-03 -1.36850693620e-03 -3.98525937491e-03  4.82356007915e-03  2.81688722207e-03 -2.13151895241e-04 -9.72457414340e-04 -4.41012186801e-04 -2.02066503012e-03  9.21553668001e-04 -7.50612912667e-04 -1.17842436315e-03  4.44824738790e-03 -6.23527056048e-04  4.84293989754e-03 -5.01366639462e-03  2.95412640227e-03 -1.11647742947e-03  2.17900372642e-03 -2.49153385734e-03  1.21432432437e-03 -7.78770086739e-04 -1.28880909252e-03  2.81703126770e-03  2.44478688160e-03 -2.65920580213e-04  2.52087765165e-03  1.81315343517e-03  1.07492841603e-03 -5.00515285593e-04 -1.84708659560e-03 -3.11232654570e-03 -1.95986497477e-03 -1.76164069756e-03  7.39537547857e-05  2.71189595667e-05  1.55399591820e-04 -7.37533190403e-04  9.34145340819e-04  1.28962950239e-03 -7.12194147083e-05 -8.64878723793e-04 -7.74041751131e-05  8.48972019302e-04  3.91253640167e-03 -5.44022267547e-04 -6.40235668455e-04  4.25660670528e-04 -2.63005556554e-03 -1.24901236347e-03  8.47130151323e-05  1.17231875788e-03  1.33640882552e-03  3.95203286327e-03 -2.72184077273e-03  3.21013046610e-04
