 1.13612287465e-01 -2.21839836893e-03 -1.61756602393e-03  1.48020645691e-03  2.59501277430e-03 -4.75454613783e-03  5.01695469644e-04  5.71642095912e-04  1.07370816333e-03  5.45994433993e-03  1.52525321790e-03 -5.78852232329e-04  6.25011358798e-03 -6.82577797324e-04  2.80675555397e-03  2.11724862171e-03  4.24019264666e-03  2.71006668541e-03 -3.10095605893e-03  2.41242818337e-03  1.93826424536e-03  2.90669474489e-04 -3.72140169332e-03 -1.10678575321e-03  4.25930975123e-03  9.04696946471e-04 -1.14181303725e-03 -4.77511837915e-03 -2.09484537123e-03  6.10835299618e-03 -4.11560216225e-03 -2.55682257927e-03  8.00233723566e-04  3.72680868791e-03 -3.87082316851e-03 -8.28150131033e-04 -1.18620355634e-03  5.45435750249e-05  6.60783956817e-03 -1.97908903283e-03  9.32891522393e-04 -2.76282515925e-03 -3.10287796780e-03 -5.30739354148e-03  1.26334751099e-03  1.12960294498e-03  6.61639980081e-03 -3.70878562921e-03 -4.27417115135e-03 -2.19347853959e-03 -9.31528258655e-04  7.96526953660e-05  1.48418856749e-03 -7.01582427555e-04 -6.93147004442e-03 -1.65860551303e-03 -5.80240343382e-03 -2.57029022964e-03  3.44182165034e-03  2.74880818440e-03  2.61270395993e-03 -3.68269802960e-04 -2.01566747195e-03 -2.96257001042e-03 -2.68918466755e-03 -7.48438256570e-04 -2.94811969596e-05 -2.80136981762e-04 -6.63761322309e-04  1.51198690123e-03 -7.70374558398e-04 -2.18821770388e-03 -4.20953209236e-04 -1.64112860371e-03  2.59188108688e-03  1.28533387475e-03  6.24452556281e-04 -1.08520768755e-03  2.45393771518e-04 -3.78551243616e-03  2.39433655063e-03 -1.73588875583e-04  2.30666806908e-03  3.26474866903e-03  3.72855291303e-03 -3.68957016375e-03 -1.15692709774e-03 -3.48319433985e-03  1.75444133793e-03 -2.39249026779e-03  1.03293368755e-02  5.32860007987e-03 -8.95738741898e-04  4.99220675381e-04  1.66256930051e-03  8.75512197398e-04  1.21093330448e-03 -3.43834969209e-03 -2.86522777775e-03  1.34566219768e-03  4.48379418214e-03 -1.54509371201e-04  9.49682612475e-05  2.59221191528e-03 -9.44944355302e-04  1.61654914315e-04 -2.22670538965e-03 -2.14470827461e-03  1.43969560316e-03  5.00120557187e-04  3.65666849734e-03  1.63655925961e-03  7.63381278206e-04  2.63492936985e-03  1.84224413536e-03 -1.08528081541e-03 -5.82872521980e-05  2.88681151388e-03  3.51426881578e-03 -3.77702045434e-03 -1.26659525852e-03 -3.58840672334e-03  1.35174622377e-03  3.74811261519e-04  1.42750724229e-03  1.10783174724e-03  2.44602970920e-03  3.74399464214e-06
-2.21839836893e-03  8.00255813737e-02  3.19143927829e-03 -3.54112470389e-03 -4.22329773550e-03  2.18504720935e-03 -1.94850861004e-03 -3.15846136276e-04  1.42226862502e-03 -1.38644420614e-03  1.29909348601e-03  1.56740780142e-04  4.77009002821e-03 -2.57312290739e-03  2.58624791994e-03  8.49350400819e-05 -2.65867991304e-03  1.73259936868e-03  1.41229417771e-04  6.09724920065e-04 -1.84524672118e-03  1.17044247280e-03  7.89176547076e-04  1.60486778496e-03 -3.48820534379e-03 -2.91394504682e-03 -6.39382765123e-04  2.19478219398e-03 -5.68864375829e-04  1.22929091885e-03  2.25626868581e-03 -2.14711527938e-03  1.27971392051e-04  7.20966519549e-04 -3.64498941869e-03  6.65033068995e-04 -4.09206677449e-03  2.20476665356e-03  2.79319557913e-04 -2.63768309319e-03  4.21227717200e-04 -1.78572193999e-04 -9.60281344760e-04 -3.49009688631e-03  3.63575142982e-03  1.35321319844e-03 -3.30087399683e-04  7.76876431359e-04  1.56594427669e-03  2.31296248801e-04 -2.85302388651e-04 -3.50131627006e-03  9.07610812128e-05 -3.44126451037e-03  2.39740921372e-03  6.13246799846e-04 -7.99519157169e-04  3.90844243281e-03  3.06575036150e-03 -5.91515200664e-04  8.00219447932e-04 -3.50456129112e-03  1.27846200088e-03 -3.43147349311e-03  1.50761551748e-03  3.02194179066e-03 -5.46304345124e-04 -3.21841907089e-03 -1.09430931107e-04  2.28205163411e-03 -2.64263993335e-03 -5.34616188343e-03 -2.08986096760e-03  1.57508897434e-03  7.50007330192e-04 -1.04759923096e-04  1.65237291401e-04  2.96602719490e-03  5.95693636657e-03  1.61665979776e-03 -7.04053727906e-04 -1.02205506919e-03 -1.00173186765e-03  2.36122505033e-04  2.27471277322e-03 -5.51303128817e-05 -1.88424660437e-04 -5.78816624350e-04  2.66525882028e-04  1.60234886417e-03 -2.26174822544e-03  1.85606908825e-03 -5.49004978512e-04 -1.36789037561e-03 -6.19399390405e-05  2.92939551104e-03  2.34189263273e-03  7.41657551885e-04 -6.24366786785e-04 -2.74695129065e-03 -3.62694492092e-04  4.61233850973e-04  6.34338493360e-04  2.86586698943e-04  9.33103640984e-04 -2.07647486288e-04 -4.76330149466e-04 -2.78102128369e-03  2.91093212036e-04 -1.88027876413e-03  9.19968819003e-04 -8.33300913217e-04 -1.54710241998e-04  3.40075429319e-03 -8.96457531043e-04 -3.97810533582e-04  3.65858784151e-03 -5.95389443202e-04  1.61515481532e-04 -4.68883544199e-03  1.32278605661e-03  1.23290225692e-03  2.63804760181e-03 -3.01232115999e-04  2.96294871687e-03 -4.06061307036e-04  2.19468401042e-03  1.64810028845e-03
-1.61756602393e-03  3.19143927829e-03  9.37238464937e-02 -2.15516689798e-03  1.78958585555e-03  4.32248004019e-03 -3.55013065268e-03 -9.87637969019e-04 -3.32075041457e-03  3.14146217219e-03 -2.70719880342e-03 -1.71212935199e-03  6.02786508206e-04 -2.40481809724e-03 -2.18349288342e-03  1.01042566661e-03 -3.86239294514e-03 -3.85456866597e-03  3.56464583384e-04  4.48456551604e-04 -2.29430486248e-03  2.39292652751e-03  1.88697136471e-03  3.77923325993e-03  1.76693143953e-03 -2.81755146707e-04  4.19691897015e-03 -3.73858591756e-03  1.58394861417e-04  8.51669167008e-03 -5.16018382915e-03 -2.61903918030e-03  3.14961807883e-03  3.65302722156e-03  1.30849690684e-03 -2.03353278975e-03 -3.87193703643e-03 -1.69861162198e-03  3.64078689396e-03 -1.10114380337e-03  7.34634754188e-04  1.40929488566e-03  2.03528728283e-03 -1.86661078128e-03 -1.26628398150e-03  1.93776843416e-03  4.52051534258e-03 -1.51109797391e-03  2.31117670697e-03 -3.23760226627e-03 -1.95769592444e-04  2.01902976056e-03  5.52839417256e-04 -6.23320457560e-04  1.60172597782e-03  1.44901719857e-03 -5.71465239827e-04  1.54766990538e-03  2.53730336461e-04 -7.29912646324e-04 -3.34052952235e-04 -1.04875118062e-03 -8.76477021546e-04 -1.12275039992e-03 -8.07720179463e-04 -2.89877568872e-03 -1.85329061497e-03  1.41408244291e-03  2.05102319762e-03 -3.80857304108e-05 -3.19863631283e-05  1.57889680925e-03 -8.86208219616e-05 -4.23694532847e-04 -5.85913186078e-04 -3.70672951336e-03  1.76534045822e-03 -1.19774222051e-03  2.95449361943e-03 -2.77799231779e-03 -8.38406336692e-04  1.26618900477e-03 -9.38758504122e-05  3.35161681788e-03 -2.06276949038e-03 -4.14178390128e-03 -6.30145700346e-04 -2.18765161910e-03  1.56068265883e-03  1.22279993034e-03  8.63260286411e-04  2.21878191921e-04  1.26416516798e-03  2.90065288377e-03  3.59961449568e-03 -4.27917744375e-04 -2.75434306184e-03 -2.04247388352e-04 -3.87450530825e-03  4.69610095770e-03  3.91894956250e-03  3.94952163959e-04 -4.80648240245e-04 -1.17927012064e-03 -2.94271927638e-03  1.46288360654e-03  6.71368996460e-04  1.36409833328e-03 -1.79136617069e-03  6.03529618869e-04 -1.93836433765e-04 -2.40934554831e-03  5.19076315768e-03  7.34199562999e-04  4.97889708641e-03  3.26063865518e-03  2.80688699021e-03  2.61093824008e-05 -3.67363704137e-03  4.34485451046e-04 -2.18920899803e-03 -6.23837550049e-04 -4.35613056787e-04 -4.02832475700e-03  1.25201969477e-04  6.20719526399e-04 -1.81471961643e-03 -3.21040776835e-03
 1.48020645691e-03 -3.54112470389e-03 -2.15516689798e-03  8.23283413695e-02 -5.20125641020e-03  3.85019951107e-03  5.18712656190e-03  1.33915610237e-03 -2.13901507691e-03  5.40145060926e-03  2.16522154256e-03 -1.95517642603e-04  7.09013150381e-04  3.44270321567e-03 -1.22335712901e-03 -3.04386788441e-03  4.47660030999e-04 -1.25781038045e-03 -1.07125718792e-03  2.22684360577e-07 -6.93642621579e-04 -2.42430216610e-03 -8.82620228426e-04 -6.44431515241e-04  6.28335939383e-04  1.68877860360e-03  2.81541949132e-04 -2.70791860057e-03 -1.29923689446e-03 -2.51943093517e-03 -2.18467284907e-04  1.48767474276e-03 -1.25600897506e-03  4.20682750348e-05 -8.59786907580e-04  1.43813268663e-04 -6.00895439501e-04  5.45399325527e-04  3.56588029540e-03 -1.15534445686e-03 -2.03857542394e-04  3.36759801674e-03 -1.79215936373e-03 -4.46216002063e-03 -3.60453003184e-04  9.91778061743e-05  1.99235298930e-03 -5.22906727691e-03  6.81314095848e-03  8.16505447810e-04 -1.25445596680e-03  1.30244263007e-03 -4.26201445595e-04  5.42468004874e-03 -8.09978289474e-04 -2.12996016145e-03  8.10850531574e-04 -1.94268233990e-04  1.87674485023e-03  6.49659209429e-04 -1.49074462031e-03  3.39513268522e-03 -3.86125235123e-03  2.30167331683e-04 -7.84281160272e-04  2.04078930568e-03 -8.20506710461e-05  2.35960774901e-03  3.28410389687e-04 -2.75151055890e-03  1.33508894481e-03 -4.87263384829e-04  3.01560419931e-04  2.06115921024e-03  3.41003541786e-03 -3.51543973676e-03  3.23494256329e-03 -5.65482314904e-04 -5.23810446631e-04 -2.12304955769e-03 -1.25355399115e-03  3.52275562013e-03 -7.38920895939e-04  4.21551792984e-03 -3.16356678067e-03 -3.70266038628e-03 -2.45215310414e-03 -4.48931658629e-03 -2.38385310625e-03  2.06106307327e-04  1.25436664323e-03  1.03937306703e-03 -2.08031248164e-03  1.03045729538e-03  1.85420155693e-04 -1.28533576650e-03 -8.92325307181e-04 -8.70457078905e-04  2.85062711924e-03  4.21908126517e-04  4.24288112568e-03 -2.04394053333e-03  1.56136218945e-04  4.35629742331e-04  1.49606460178e-03  6.95821392365e-04 -3.38990262834e-03  5.88238946781e-05  1.20669763846e-03 -5.37940299146e-03  9.35059019587e-04  2.38612499028e-03 -4.76189203652e-04 -1.84439400078e-03  1.94768017941e-04 -3.11209909451e-03 -1.11613805582e-03 -4.37865241462e-04 -3.35287275221e-04  1.45792459318e-03 -5.89025339372e-04  9.34269274995e-04 -2.21278085847e-03  2.05407791823e-03 -3.10850257774e-03 -6.80702230629e-04 -3.90221840181e-04  1.29528235918e-04
 2.59501277430e-03 -4.22329773550e-03  1.78958585555e-03 -5.20125641020e-03  7.07144466986e-02 -1.44389573149e-02 -7.54146486512e-03 -4.13618189590e-03  7.40427785458e-04  8.67197293463e-04 -3.45669423050e-03  6.07353263160e-04 -4.51014690458e-04  1.25054087280e-03 -5.18698159686e-03  2.59160980810e-03  3.03179069156e-03  1.14295002780e-03  2.60775890313e-03 -3.52212774279e-03  2.17584559711e-04 -4.22914205599e-03 -3.14132957409e-05 -3.76591117842e-04  9.97810380425e-04  1.17686217377e-03 -6.23810295233e-04 -1.00663759145e-03 -7.05438537930e-04  8.04863943809e-04 -2.02509359609e-03  4.29331186988e-04 -4.07960052711e-03  9.75636146860e-04  1.44140909650e-03 -1.34195031605e-03 -2.69701284134e-03  8.09918481585e-04  2.33694327114e-03  1.92219388143e-03  7.08016224296e-04  8.16360309148e-04  1.00740251153e-03 -6.72419769059e-07  7.52618505055e-04 -1.79981054332e-03 -6.26829894177e-04 -6.55241593055e-04  4.54197765325e-04 -1.99380785462e-03 -2.06347883129e-03  2.57708674153e-03 -7.24006055960e-05  2.50217796859e-03  6.27479280363e-04 -1.10204286466e-03  1.85845750596e-03  4.09823731150e-04 -3.28637609658e-03  8.96685049205e-04  1.17277803806e-03 -1.20924426865e-03  7.23126343324e-07  5.52788224593e-04 -9.44861555018e-04 -1.06594667047e-03  1.58117207371e-03  2.16048316088e-04  7.14437550603e-04 -2.48299534484e-03  1.98540698423e-03  8.38407406781e-05  1.64887343977e-04 -6.99898545577e-04  1.60644768470e-03  9.34890182870e-04 -1.43954024339e-03 -2.18733638005e-04 -1.31333559594e-03  2.69909280944e-03  3.36837979326e-04 -7.14947820583e-03 -3.68509831791e-05 -8.17323545863e-04  4.08706500116e-03 -3.32096947685e-03 -9.21538179472e-04  1.01367209532e-03 -1.31537325992e-05 -1.55239841866e-03 -1.49545457127e-03  2.50457773078e-03  2.28270027789e-03  2.89613113175e-04  1.43873505536e-03  2.20513917035e-04 -3.54195376255e-04 -2.40658999325e-04 -2.24434602762e-03 -4.49003426889e-04 -6.26708122902e-04  5.60774931855e-04 -2.38908928276e-04 -5.08570729062e-05 -1.89233369881e-04 -7.58504225630e-04  1.78667758094e-03 -2.56405701251e-03 -1.16787717200e-03 -7.44596974346e-04  2.27004952320e-03 -4.74323781960e-03  7.26922418470e-04 -3.71691712822e-04  1.15627287513e-03  7.88953424448e-05 -1.45790159626e-03  8.18634018885e-03 -1.61814432378e-04 -2.11451643642e-03 -2.69397980720e-03  1.63441773687e-03 -2.03739202301e-03 -2.82836662063e-03  1.11415382369e-03 -5.65884072321e-04  8.51018881168e-04  1.92262986103e-03
-4.75454613783e-03  2.18504720935e-03  4.32248004019e-03  3.85019951107e-03 -1.44389573149e-02  9.17623981896e-02 -2.58956812491e-02 -6.90391432584e-03 -6.82309191229e-04 -3.87552283393e-03 -4.07395532622e-03  3.60881378202e-04 -2.52996610220e-03 -3.13740896622e-03  4.67704171285e-04  2.66799279314e-03 -1.51327550146e-03 -1.58374109570e-03 -1.02975165968e-03  6.32538923195e-03  1.84903556162e-03  2.16999964949e-03  4.59281984638e-03 -7.85600132425e-04 -8.07156764085e-04  5.74467132979e-04  2.80754835249e-03 -1.83228416440e-03  1.78915204525e-04  1.43309278922e-03 -8.94912287295e-04 -1.22135624494e-03  1.44718413857e-03 -3.99805611963e-03  3.59366177996e-03  1.32833732154e-03  2.92074220018e-03 -2.17412430872e-03 -2.79662624317e-03 -1.21619525487e-03 -2.06231955613e-03 -2.04629395498e-03 -1.37569211780e-03 -6.76402166771e-03 -4.53002541698e-04  1.37008374727e-03 -2.43075292818e-03 -1.30011517800e-03  1.58556885812e-04  3.85923402118e-03  1.93531503858e-03 -1.80663227713e-03 -1.64171912728e-03 -4.88229211077e-04 -4.99840797503e-04  3.12138927628e-04  3.39145921826e-05 -3.41519998673e-03 -1.02420134296e-03 -3.58196712605e-03  2.73238890861e-03 -2.56293529740e-03  3.12778515266e-04 -5.30995291017e-03  1.14178793214e-03  4.37321154859e-03  1.54802432153e-04  7.03572903656e-04 -1.32799529721e-03  2.63301894092e-03 -4.59329822353e-03  9.84811374270e-04  9.03717965320e-04  2.00680336075e-03 -1.54632140135e-03 -2.06269218095e-03  4.39390284967e-03 -9.00044137152e-04 -1.79167611639e-03 -1.78619787238e-03 -2.32603780798e-03  4.41213739528e-03  1.01889819479e-04  2.45491216624e-03  3.93866171772e-03 -2.14345326221e-03 -2.51175734751e-03  2.30368831935e-04  2.06619023064e-04  1.83463957069e-03  7.77480797961e-06  1.20429408478e-03 -2.56276393594e-03 -9.66044721624e-04 -1.14222903676e-03 -1.83066308250e-04 -1.27526169699e-03  1.91462651378e-03  5.16765530025e-03 -8.47785473125e-04  7.31625659149e-04  1.01100031958e-03  2.89162904416e-03 -2.84735597399e-03 -8.39398559838e-04  3.00766200971e-03  2.06715514701e-03 -1.49608776057e-03  2.38619606889e-03  2.99627144631e-03  3.84662096120e-03  4.47439819111e-03  6.73777102493e-04  1.91768426585e-03 -2.99862745808e-04 -7.05558511452e-05  2.44475153772e-03  1.63335004072e-03  2.52253691883e-03  3.81889253569e-04  2.39102351451e-03  3.99884441299e-03  3.21582246514e-04  4.87483610079e-04  1.64058267147e-03  2.75943568467e-04  1.10302078589e-03 -2.15226756543e-03
 5.01695469644e-04 -1.94850861004e-03 -3.55013065268e-03  5.18712656190e-03 -7.54146486512e-03 -2.58956812491e-02  6.89118850593e-02  1.31649749743e-02 -1.00948134110e-03  4.26698146979e-03  1.13644536257e-03 -1.59545546165e-03  2.27536058531e-03  1.45074718276e-03  1.44228348371e-03 -2.60589681975e-03  1.93260120766e-03  1.70630771109e-03 -4.54849507217e-04 -4.99609250211e-03 -1.22062960993e-03  2.00319277082e-03 -3.48126434938e-03  2.53977924188e-03 -1.71682360973e-03 -1.04814703214e-03 -2.18971856922e-03  6.96612538415e-04 -1.48575370242e-03 -4.70550741548e-04 -6.84430685750e-04 -1.38519395940e-03  2.98378588737e-03  2.35130055627e-03 -1.11536011695e-03 -4.61324036679e-04  2.15759530034e-03  1.64418519738e-03  3.14333414960e-03  1.50298840793e-03  5.38618545190e-04  3.35189684222e-03 -5.81851549062e-04  3.92704676277e-03 -5.71057863498e-04  6.61309345195e-04  3.69861606519e-03  4.71670774142e-04  5.30281017992e-04 -1.58118002488e-03 -1.34438363649e-03  5.85683278069e-04  2.55210079933e-04 -1.07019651525e-03  1.25763223389e-03 -5.69906132399e-05 -2.45154172654e-03  1.21185121567e-03  2.68894292516e-03  1.04472934988e-03 -6.75846517255e-04  4.72308474283e-04  8.72462440204e-04  3.80192322886e-05  9.60181666140e-04 -1.22059074048e-03  2.80025228382e-06 -7.31640157893e-04  1.02511156303e-03  3.51186753326e-04  2.79075881463e-03 -3.01268347117e-03 -1.82029101042e-03  9.89126847268e-04 -7.28814714144e-04  1.58341302989e-03 -2.39580626863e-03 -1.52515680481e-03 -4.01973217034e-04 -8.43730883889e-04  2.73374514709e-03  3.27607849767e-03 -1.94207078275e-03 -7.03135734498e-04 -5.51504861495e-03  2.03994705479e-03  2.85617103496e-03 -1.91605776241e-03 -1.36001059510e-03  7.78501501693e-04 -4.05286124747e-05 -1.56167165956e-03 -3.44394990839e-04  4.71887782272e-04  8.05029067328e-04 -6.36273731354e-04 -5.53974365788e-04 -1.47296103330e-03 -3.67394370936e-04 -7.99918295027e-04 -1.41252518815e-05  7.50450174016e-04 -1.17348038262e-03  2.32570949215e-03 -8.60063877701e-04 -3.80317831983e-03  4.84202235753e-04  1.56981953809e-04 -5.51824518920e-04 -3.84838582204e-03  1.68898239599e-03  1.09378366229e-04  2.79404068708e-04 -1.23053952928e-03 -2.68055811429e-03 -4.50685949644e-03 -1.43466127446e-03 -1.59369883325e-03 -1.47163229354e-03  2.85067927034e-03  6.91179253124e-04 -1.56496617294e-03 -2.59086750109e-03  4.11859102583e-03 -1.88064951450e-03 -5.28800155452e-04 -1.68506620823e-03  8.14906940094e-04
 5.71642095912e-04 -3.15846136276e-04 -9.87637969019e-04  1.33915610237e-03 -4.13618189590e-03 -6.90391432584e-03  1.31649749743e-02  7.25875294963e-02 -6.26686531219e-03  4.14397428017e-04 -2.73915102729e-03  6.83437461397e-05  2.67686113233e-03  1.08281591396e-03  1.79669284724e-03 -8.15747087403e-04  3.21635216270e-03  7.04998728950e-04  1.41044134615e-03 -3.58013684660e-03  1.45868227018e-03  1.37349872030e-03 -9.83720427225e-04  2.43262062902e-03  6.14205145754e-04  1.07900686841e-03  3.20939820897e-03 -1.62035991850e-03 -1.06972714102e-03 -5.29106154391e-04 -8.66173182096e-04 -1.00824350886e-03  3.42011652317e-03  3.73454162376e-03 -2.64576130649e-03 -1.72743114495e-03 -8.11312145453e-04  3.58807495226e-03  3.93662211974e-03  2.95469649775e-03  1.39209027828e-03  1.25653994455e-03 -1.22603644190e-03 -1.48867180340e-03  2.10345973785e-03  5.20933178246e-04 -3.69780236472e-04 -1.64080629135e-03 -2.23616681834e-03 -9.53792337746e-04 -1.06634156922e-03 -8.79416755555e-04 -9.75400043866e-04 -1.38122767220e-03  1.84772875556e-03 -3.18395957724e-03  2.81771771913e-04  1.33348758468e-03  5.55705499902e-04  4.75422646520e-04 -1.47733120274e-03 -1.09741507211e-03 -2.05470572119e-03  2.70756341488e-05  2.90935741143e-03  1.08498609003e-03  2.04848001669e-03 -2.47539546630e-03  2.51953794675e-04  7.06603037960e-04  8.84963550582e-05 -1.31054125699e-03  3.69220769316e-05 -1.45009953857e-03 -1.65817447804e-03 -2.22919376530e-03 -2.90026002979e-04  1.17965197441e-04  2.13165339723e-03  4.43049388925e-04 -1.70312819125e-04  2.74845539634e-03 -1.22407733931e-03  2.72073407951e-03 -3.90500034051e-03 -1.89070283295e-03 -9.76840683337e-05 -2.96718255503e-03  1.33276426357e-03 -7.82038216564e-05  3.34364032468e-04  1.51083137233e-03 -2.08930973979e-03 -6.28772242388e-04 -5.71698853908e-04 -1.55158608525e-03 -3.82068705398e-03 -2.92281223051e-04  1.58140822592e-04 -8.28853156937e-05  6.50282366377e-04  1.32926697894e-03 -1.51735776495e-03  3.32638852753e-03 -2.67523559829e-03 -2.90951206148e-03  1.01696150957e-03 -2.49916529690e-03  8.70733098362e-04 -2.66473257191e-03  1.75975874645e-03 -1.57590271522e-03  7.51413916288e-04  9.35949267574e-04 -2.57082579935e-03 -2.73357729165e-03 -5.54479421455e-04 -3.20924154318e-03 -4.51283653598e-04  3.17118375102e-03  3.15582836007e-04 -2.31377719402e-03  1.22752429830e-03  1.12773450078e-03 -1.10082010570e-03 -5.94504029065e-03  1.92043318480e-03 -2.90079734830e-03
 1.07370816333e-03  1.42226862502e-03 -3.32075041457e-03 -2.13901507691e-03  7.40427785458e-04 -6.82309191229e-04 -1.00948134110e-03 -6.26686531219e-03  1.08398083883e-01 -3.35117204156e-03  1.16945016925e-03  5.46659261919e-03  2.78292332279e-03 -8.77662361596e-04  1.52035362854e-03 -6.72750300068e-04  2.05410193030e-03  4.05318902846e-03  1.41726571305e-03 -2.00231681356e-03  2.34552492679e-03  3.47793202195e-03 -2.04828027283e-03 -1.89186915781e-04  1.44347719338e-04  3.83405426779e-03  3.26681486343e-03  3.31777526410e-03  1.41616683393e-03  2.35422199925e-04 -1.84608115746e-03 -2.69119948533e-03 -3.02180730463e-03 -9.63042756511e-04 -6.42935183258e-04  9.11462156089e-04 -2.53415633733e-03 -1.46520328563e-03 -4.51174312276e-03 -7.18704907931e-04 -1.73657533382e-03  3.23563602287e-03  2.67537889370e-03 -4.47306501950e-04 -1.52250741813e-03 -1.98753129524e-03 -1.98074153650e-03  3.97278579527e-03 -4.33216780919e-03 -2.60313897644e-03 -3.77474552972e-03 -4.29324308223e-03  7.45513688942e-04  6.46382422410e-03  4.01030059674e-03  3.01672781257e-03 -1.23600910417e-03  3.22575116007e-03  7.61199471326e-03  4.42151610852e-03  1.02555462167e-03  1.51769048742e-03 -1.94823913246e-03  4.35212558853e-03 -1.26242131165e-03 -5.12909214586e-03 -8.95047118693e-04 -2.19645387338e-03  1.89642381891e-03  1.35886095593e-03 -2.06689051494e-03 -2.42031865040e-03 -2.58506725051e-04 -4.27475315095e-05  1.75975720582e-03 -4.84571522167e-03  5.55016554869e-05  1.13697864525e-03 -3.41686525761e-03  2.95084423441e-03  2.16780180772e-03 -2.95659167850e-03  4.84701287967e-04 -4.67901599771e-03  4.19123057076e-03  5.20946904252e-03 -5.43561117660e-05  5.70869364413e-04  9.06995310498e-04 -1.34924102185e-05  4.02703100272e-03  2.95297443709e-03 -2.48491582177e-03 -5.26476939969e-03 -1.16298987399e-03  9.24352667548e-05 -1.77546263348e-03 -2.04670786785e-04 -1.23414459991e-03  2.42186780646e-03  2.65756724817e-03  9.99106178914e-05 -8.74110813074e-04  4.16455668658e-03  1.42335748878e-03 -2.31479154286e-03  5.05338389324e-03  3.21297843414e-03 -2.93821417784e-03 -5.15944671235e-04 -4.72878990243e-03 -1.43145875554e-03  3.94339712870e-03 -1.50227332878e-03 -4.20844018373e-03  1.21926088968e-03  3.44267451288e-03  5.17770942436e-04 -8.73664053059e-04  3.48168715766e-03  3.77851983099e-03 -1.91864063520e-03  4.65727992174e-03  2.16222836838e-04 -6.56726230748e-04 -7.46970313542e-03 -3.19375696047e-03  3.21863029134e-03
 5.45994433993e-03 -1.38644420614e-03  3.14146217219e-03  5.40145060926e-03  8.67197293463e-04 -3.87552283393e-03  4.26698146979e-03  4.14397428017e-04 -3.35117204156e-03  8.10280309860e-02 -1.83511879887e-05 -1.28334545791e-02  8.26872113834e-03 -1.32514930844e-03 -2.13266360525e-03 -2.22244037728e-03  2.84102724670e-03  1.22566231454e-03 -2.88462098152e-03  1.85414598203e-03 -4.59749218992e-03 -5.07035364449e-04 -3.55964592124e-03  3.09466958416e-04  2.59100426224e-03  1.37911106146e-04  2.87460195241e-03 -1.62886100351e-03 -3.60931374593e-04  2.55595426163e-03 -1.58451780103e-03  2.31292048602e-03  2.73220081784e-03  5.91179373360e-04  1.07037096286e-04  2.45498906448e-04  3.63905278944e-04  2.87391997155e-03  1.13351940880e-04 -4.57980837674e-03  1.05683481873e-04 -3.25706529998e-06  4.13412889568e-03  4.02178225888e-03  6.90129039319e-04  1.27016849013e-03  1.14312807234e-03 -8.19917081840e-04 -5.15076586034e-04  2.09845542625e-03 -2.46420977181e-04  3.36261937020e-04 -1.99752334269e-03 -7.96800423329e-04  9.41867108571e-04 -6.19569963055e-04 -1.22400411133e-03 -2.90186177978e-03 -2.41626145187e-03  1.15515458309e-03 -7.00271061172e-04 -1.95472190533e-03 -3.89024308678e-03  5.44062111378e-03  2.09676491754e-03 -3.06595291455e-03 -2.04718112756e-03 -7.23920198749e-04 -1.36979705591e-03 -1.59350496318e-03 -2.09193934605e-03  2.09887730111e-03 -2.57150333977e-04  1.21562616327e-03 -2.65267905891e-03  4.12521669110e-03 -4.77911558441e-04  5.38056323166e-03 -5.21067787342e-05  9.60453342714e-04  1.57801280345e-03  8.17214078928e-04  1.30849680585e-03  2.69120080492e-03  1.87546447399e-03 -3.26097133914e-03 -3.15344272498e-03 -3.06881484789e-03  1.11445201335e-03 -1.95132705968e-03  1.86075780455e-03 -2.27555601022e-03 -1.62085180676e-03  2.14467913014e-03 -5.10469030990e-04  3.30107869781e-03  1.97381366793e-03  3.33355267827e-03 -2.78899077957e-05 -8.77257401970e-04  1.59505460404e-03 -6.97983626951e-04  8.16598663951e-04  3.16430911293e-03  1.21552868887e-04 -2.23753205494e-03 -2.92734593999e-04 -3.62697051244e-05  1.06842149822e-03  1.42694579109e-06  4.78139828629e-04  1.79300783919e-03  6.03156124482e-04  1.23514643071e-03 -7.79287915311e-04  5.25697601310e-04  4.56326544929e-04  1.11494953197e-04 -8.48575953283e-04 -1.33580467885e-03 -2.49021019744e-03  6.25249868223e-04  4.34567554399e-04  1.49991446294e-03 -4.43455686473e-04 -3.12507858679e-04 -1.63005022223e-04  9.82776765257e-04
 1.52525321790e-03  1.29909348601e-03 -2.70719880342e-03  2.16522154256e-03 -3.45669423050e-03 -4.07395532622e-03  1.13644536257e-03 -2.73915102729e-03  1.16945016925e-03 -1.83511879887e-05  9.90322937653e-02  1.99943094813e-03  1.71806012743e-03  2.76835086224e-03  1.84901338418e-03  3.09803793564e-03  1.09067460449e-04 -7.74856118748e-04 -9.17076985457e-04 -5.84018828837e-04 -6.78579173813e-04  1.95344786332e-03 -4.47624718122e-03 -1.88152541692e-03 -1.28187095445e-03 -2.01021682196e-03 -8.59845598064e-03  3.56605614301e-03 -5.03368746571e-04  1.74719764879e-03  1.22047155108e-03 -1.39567215306e-03 -8.67759545047e-04 -1.62645448357e-03  1.10444418309e-03  2.55020843333e-03 -2.41352669054e-03 -1.64086262505e-03 -3.15506853428e-03 -1.45385384250e-03  1.41143291363e-03  7.73304288904e-05 -2.62414211344e-04  1.86453145742e-04 -3.25748481616e-03  9.72223473206e-04 -1.26894683158e-03 -1.44812715328e-03  3.21244120737e-03 -2.48192984502e-03 -1.42739320567e-03  3.64132126000e-03 -3.01572539882e-03  1.03715985432e-04  7.53774259639e-04  2.56715906252e-03 -4.38902131178e-03 -3.05853134717e-04 -3.03512965592e-04  6.58603296410e-03 -9.54892522381e-04  2.11956128999e-03 -1.29827083037e-03  1.88217924078e-03 -1.13371018390e-03  1.71847910484e-03 -3.16712954745e-03  2.72036029465e-03 -3.83869449959e-04  1.57726670960e-04  2.13629711569e-03 -2.12832259245e-03 -2.70746814224e-03 -2.85881716463e-03  1.07634114112e-04 -2.25411610875e-03 -5.29167584007e-05  1.98968770852e-03  4.94416332631e-05 -1.85653325065e-03  2.45321604952e-03  2.16750113140e-03 -2.84710379619e-03  9.73611549046e-05  1.05081778252e-03  1.93893803428e-03 -6.37836509167e-04 -1.38454673679e-03 -1.09009810367e-03 -1.74188992115e-03  1.32611418289e-03  3.33138984050e-03  5.29363972256e-03 -1.79557666755e-03 -5.68587145669e-03 -3.32781064265e-04 -1.70348225518e-03  4.25409342439e-04 -5.73340839366e-04  1.85621668525e-03  1.01164370118e-03  3.57139202474e-03 -3.57108044787e-03  1.95697851893e-03  5.17715033791e-05  1.57280468394e-03 -1.56996375731e-03 -4.11606555831e-03  3.24144648840e-04 -1.26087316054e-03 -7.14179114356e-03  1.85555719122e-03 -1.32826140992e-03 -3.99741967413e-03  9.30529770955e-04  7.88084190439e-04  1.96811072655e-03 -4.37115803208e-03 -1.02109244055e-03 -3.68428828474e-03 -2.79679108824e-03 -6.79773669572e-04 -3.11788774025e-03  5.31033415010e-03  6.36973253834e-04  2.43980786522e-03 -1.34235283788e-03 -8.12493642993e-04
-5.78852232329e-04  1.56740780142e-04 -1.71212935199e-03 -1.95517642603e-04  6.07353263160e-04  3.60881378202e-04 -1.59545546165e-03  6.83437461397e-05  5.46659261919e-03 -1.28334545791e-02  1.99943094813e-03  7.74094203127e-02  1.19734725721e-02 -4.44382378711e-03  4.24059110896e-03  2.78727152124e-03 -1.60710427185e-03  1.72302436858e-03  1.84744644561e-03 -5.70891798878e-03  9.50710258119e-05  3.42570656549e-03 -1.10407746133e-03  2.48512541836e-03  4.19850485508e-04  4.80642950146e-03 -3.45408931595e-03  2.04095196598e-03  1.52797565688e-03 -2.22069955474e-03  2.73221840747e-03 -1.64915749823e-03 -3.27190542503e-03 -1.58609860584e-03  1.77427805612e-03  2.72421630926e-04  9.99547919410e-04  1.42394274458e-03  1.49932006431e-03  2.98557263854e-03 -1.49009245730e-03  2.97629374874e-03 -8.49460376806e-04  1.00776770245e-03 -5.42941386007e-04 -2.12869274827e-03 -1.42915442961e-03  1.94615491927e-03 -2.98796413496e-03 -1.64569885973e-03  1.07366923576e-03  3.34030054137e-03 -5.00130205809e-04 -1.07304187852e-03  2.82312648997e-03  4.80157482150e-04 -1.10618337740e-03 -1.19701777346e-04  3.78818260654e-03  1.99599300925e-03  5.37251798613e-04  9.58940430358e-04  9.53153941946e-04 -3.60350653397e-03 -3.04001723384e-03 -8.43884127520e-04  1.30654868835e-03  3.72425841641e-03  1.02291920314e-03  1.58975920771e-03 -2.03741397160e-04  9.47523098253e-04 -5.02825502627e-04  7.93972999195e-04 -2.96902029955e-04 -2.40535216904e-03  1.06572314267e-03 -2.96257332585e-03 -1.54066912146e-03  2.44563610417e-03 -1.29034664960e-03  6.18799472712e-04  2.52516072477e-03 -1.09894664077e-03 -3.72238685580e-03  1.19471092534e-03  3.02645692044e-03  3.45759730396e-03  6.51042890992e-05 -1.93298686981e-04  3.71594655090e-04 -1.16101089390e-03  1.06760787750e-03 -2.46541576154e-03  3.07783514006e-03 -7.65108443804e-04 -1.38707477228e-03  7.98690421146e-04  1.91222875697e-03 -1.26041062032e-03  5.81977969261e-05 -2.00494733282e-04 -4.44509273440e-04 -1.68144848837e-03 -1.47391221641e-03 -1.97526818431e-03  2.03323137370e-03  1.79923312048e-04 -3.03651133070e-03 -3.49987191194e-03  4.52179949370e-05  1.31306772488e-03 -1.44964560518e-03  1.77069768171e-03 -3.12999308833e-03 -3.67529328203e-04 -9.97207738589e-04  2.03927837534e-03  3.09362023137e-03 -1.67416826259e-03 -1.38987472829e-03  5.46795570931e-04 -6.73012992777e-05  1.23074635080e-03 -9.05569072451e-04 -1.10250523542e-03 -2.19095903215e-03 -1.00432490672e-03
 6.25011358798e-03  4.77009002821e-03  6.02786508206e-04  7.09013150381e-04 -4.51014690458e-04 -2.52996610220e-03  2.27536058531e-03  2.67686113233e-03  2.78292332279e-03  8.26872113834e-03  1.71806012743e-03  1.19734725721e-02  9.36375573706e-02 -7.29052066039e-03  5.99929501690e-03  3.96403391644e-03  6.74207358838e-04 -2.83975861469e-04  1.59506340435e-03 -4.51871654660e-03  1.64689101906e-04 -1.28613169806e-03 -6.79191374893e-04  4.43526244045e-03  2.12903180636e-03  3.29816762303e-04  1.51256218656e-03  5.48902862388e-04  1.98414057813e-04  5.24857630723e-04  2.95978246122e-03 -8.37984660782e-04 -1.02007992027e-03  4.33519070222e-04 -7.53664556070e-04 -1.87710008644e-03  2.45028250979e-03 -8.20209472914e-04  3.93593291243e-03  9.63052830596e-04 -1.75511334862e-04 -1.33324480982e-03  1.40555815782e-03  2.35336134710e-03  8.54092299279e-04 -4.03323448134e-04  1.22581102489e-03  1.89896221673e-03 -6.52338202647e-03  2.97750562083e-03 -1.02444109016e-03  1.46727135408e-03 -2.94708649670e-03 -4.51181420742e-03  3.07141271517e-03 -9.63825289157e-04  1.24491937229e-03 -5.97753499831e-04 -2.59492321519e-03 -2.67375241931e-04 -1.07168144890e-03  2.88802464309e-04 -9.61062349645e-04 -1.04047667600e-03  9.49060510184e-05  1.76376975916e-03 -1.93019852356e-03 -1.23815038333e-03  3.97139218719e-05  2.01755010344e-04 -1.34702565974e-03  5.34965369153e-04 -1.57111361738e-03  5.10910199717e-04  3.12107178047e-03  1.82841117344e-03  1.77565764958e-03  8.20057515961e-04 -1.76993990276e-03 -1.86717305642e-03 -6.83264300403e-04  1.83824819440e-03  1.97944249431e-03  1.27107132822e-03 -3.78596492635e-03 -2.42446352138e-03  1.37448397967e-03  4.32532571425e-03  1.16579075597e-03  2.15305763297e-03  9.17832459357e-04 -2.43999826608e-03 -2.48028319000e-03 -3.70519895395e-03  6.56360405949e-04  1.97463075715e-03  2.00446420266e-03  1.79888891973e-03 -1.22977205570e-03  6.84830985993e-05 -1.70716498475e-03  3.43913510001e-04  1.87562664763e-03 -2.02786365792e-03  1.53752840719e-04  1.08581376667e-03  5.27006139685e-03 -5.80087427276e-03  1.26050482138e-03 -6.25185780506e-04  2.44096741523e-03 -1.19288170915e-03 -7.03579392565e-04  1.52731393294e-03 -2.83262442525e-03  1.09723890586e-03  1.35664715159e-03  1.14125030884e-03  7.16894692231e-05  2.27071135846e-04 -3.68137761040e-03  1.07216640567e-03 -2.59867933339e-03  3.43931547925e-03  1.93149940086e-04 -5.51846216222e-03 -1.79827667093e-03 -8.39108495700e-04
-6.82577797324e-04 -2.57312290739e-03 -2.40481809724e-03  3.44270321567e-03  1.25054087280e-03 -3.13740896622e-03  1.45074718276e-03  1.08281591396e-03 -8.77662361596e-04 -1.32514930844e-03  2.76835086224e-03 -4.44382378711e-03 -7.29052066039e-03  9.07564674857e-02 -4.03296129980e-03 -1.44984047610e-03 -5.17553591086e-03 -7.94837863590e-04 -7.66486311080e-04  8.71122396437e-04 -5.33129805988e-04 -4.30824713065e-03 -5.48280088837e-04 -3.59154090209e-03 -1.00543705567e-03 -1.68400156182e-03  3.63989202617e-03 -3.90469238321e-03 -5.49741255797e-04  2.42373474109e-03  3.00239460312e-04  1.13167560132e-03  4.39718684804e-03  3.42654422786e-03 -6.44843423454e-05 -3.86963658978e-05 -5.06394805565e-03  4.78461768443e-03  2.53766852827e-03 -3.79585552540e-03  1.96689524962e-03 -3.77623589474e-03  3.39929346177e-03  1.10515762597e-03 -1.42519100048e-03  7.38776712464e-04 -4.87599247808e-04 -1.26076841213e-03  1.91469622246e-03  9.14613880501e-04 -1.75379958493e-03 -3.46908439287e-04 -2.32531832349e-04  7.23306113960e-03 -2.39468583782e-03  9.76291885954e-04 -3.76796814079e-03  3.15903532653e-03  1.86061787208e-03 -1.96397555007e-03 -5.17625336269e-03  1.00805677776e-02 -3.48879743184e-03 -8.29497402254e-04  2.89273099686e-03  4.20234056733e-03 -9.94836277454e-04 -1.84766498787e-03  1.04313192060e-03 -6.23807822083e-03  5.35217732126e-03 -5.72771482829e-03 -1.91710452022e-03  9.68343308642e-04  2.31040676982e-03  4.31596612148e-03 -1.01660137072e-03 -2.00407032321e-04 -7.37521795670e-04 -1.23053853540e-03  2.60538614481e-03  2.69546114549e-03 -1.92097674876e-03 -6.86298355959e-04  1.59646691993e-03 -2.35297075435e-03  3.52401031681e-04 -3.37583724080e-04  4.47535218031e-04  8.18054721913e-04 -2.14589135840e-03 -4.37958247198e-04  1.14591605890e-03 -5.85614838192e-04  1.27497979093e-03 -2.11115545025e-03 -3.97666364744e-04 -2.84239225378e-03 -1.20301658582e-03  1.38668630763e-03  4.22557719193e-03  3.02458224598e-03  3.26125661396e-03 -2.78616292276e-03  1.03189904409e-04  3.23210141065e-03  2.61349652101e-03 -6.06228600380e-05 -4.48999073995e-04 -5.40396563621e-04 -2.89002182355e-03  1.01356396480e-03 -1.03353740026e-03 -4.30976021543e-03  1.50221747688e-03  4.67395334411e-03  1.01444604995e-04 -9.64885576587e-04 -2.43791545870e-05  2.42742843394e-03  1.18149435303e-03 -4.15398825573e-04 -3.05769113164e-04 -1.02165135078e-03 -5.70929519642e-04  2.59641297307e-03  1.14606251343e-04  1.27664282973e-03
 2.80675555397e-03  2.58624791994e-03 -2.18349288342e-03 -1.22335712901e-03 -5.18698159686e-03  4.67704171285e-04  1.44228348371e-03  1.79669284724e-03  1.52035362854e-03 -2.13266360525e-03  1.84901338418e-03  4.24059110896e-03  5.99929501690e-03 -4.03296129980e-03  7.06501758962e-02 -1.10420482492e-02 -1.16166564135e-02  1.79828687037e-03  1.35292866682e-03 -8.46648385651e-04 -1.20532785861e-03 -1.83248893083e-03 -1.41605895055e-03 -7.54299792962e-04 -1.68984287702e-03  2.48109873934e-03 -3.71684146373e-03  3.51435773385e-03 -1.63613202336e-03 -2.39081345700e-03  4.31892349138e-03 -2.14458645292e-03  6.98584569724e-04 -4.60641621355e-04  6.70381255139e-05  9.41574315299e-05  3.36960628920e-03 -8.31690763373e-04  5.93192956958e-04  1.23820622506e-03 -3.75720551790e-04 -3.07172774861e-04 -4.05133593932e-04  2.87912510661e-03 -1.36287145584e-03  1.10609277781e-03 -2.25238146898e-03 -3.24339192941e-03  1.09393433272e-03 -1.48673115427e-04 -1.30565920680e-03 -6.46490758820e-05  1.73918973000e-04 -3.98972730832e-03  1.00528079403e-03 -8.48163818387e-05 -9.76316344671e-04 -5.13729407893e-04  2.47382300510e-03 -2.42589536229e-04 -7.77151390977e-05 -3.22255052902e-03 -1.05598587750e-03 -2.24093961037e-03 -4.72609194579e-03  1.40856071674e-03  1.24108063543e-03  9.86218180733e-04  6.92005155715e-04  2.51715328317e-03 -4.40199198326e-04 -1.44287597419e-03 -1.60207598843e-04  1.32216859741e-03  3.10545885148e-03 -3.28456223328e-03  2.95510531761e-03 -4.42978260564e-04 -1.01745864698e-03  8.05870219172e-04  6.55423160991e-04  1.38127288215e-04 -3.97189052448e-04  3.52845279601e-04  5.52178301766e-04 -6.07337313868e-04 -2.56303844472e-04  1.29549244342e-03 -5.78159852522e-04  1.41154339287e-03 -1.44531344677e-03 -1.30111978654e-03 -1.91854138070e-04 -3.57070200302e-04  1.09219349867e-03  4.55022580622e-05  1.41302805154e-03  2.19728082295e-03  1.73057235349e-03 -6.82310635239e-04 -3.52126155917e-03 -8.81215444251e-04 -2.10133477270e-03  5.18841181622e-03  1.25256615208e-03  1.50383537468e-03 -1.00963252998e-03 -2.11509187671e-03  2.52327119897e-03 -3.54583987735e-05 -8.12554163587e-06  2.87600922594e-03  1.23002611160e-05  4.36712588461e-04 -2.26457897292e-03 -2.21539170845e-03 -1.31553807403e-04 -9.98333962589e-05 -1.65108482668e-03  5.09376402075e-04  8.45510243931e-04 -1.23444609621e-04 -1.10139289901e-05  8.71686049763e-04  7.02823136988e-04 -3.45205821337e-03  7.59110475984e-05 -2.32582672450e-03
 2.11724862171e-03  8.49350400819e-05  1.01042566661e-03 -3.04386788441e-03  2.59160980810e-03  2.66799279314e-03 -2.60589681975e-03 -8.15747087403e-04 -6.72750300068e-04 -2.22244037728e-03  3.09803793564e-03  2.78727152124e-03  3.96403391644e-03 -1.44984047610e-03 -1.10420482492e-02  8.78201289580e-02 -5.41366936924e-03 -3.40537591876e-03  2.34725730068e-03 -6.74200356033e-04 -4.94261820845e-05  2.38726562227e-03  1.64315939142e-03  3.91062116243e-03 -7.66932298802e-05 -1.32710377337e-03 -1.59550950960e-04 -3.48116191906e-04  3.41365931132e-03  1.38308852386e-03 -1.64652939979e-03  3.56675633399e-03 -2.24202597250e-03  2.11741463290e-03 -7.19180900176e-04 -2.89071166691e-03 -1.89734225619e-04  1.60348178848e-03 -5.30664815536e-05  2.55744638147e-04 -6.35431326955e-04  4.35614510940e-03 -4.76682041222e-03 -3.94506961635e-03  3.69221963435e-03 -1.13041747307e-03  5.27985154717e-03 -1.62594883207e-03  2.88101953843e-04 -1.83581756438e-03 -2.72979144761e-04 -5.11441963082e-04 -3.07695119251e-04  6.79627556542e-04 -2.02831524214e-03  9.12838191604e-04 -1.81511544069e-03  2.25870745206e-03  2.45221266457e-04 -5.95518775542e-04  1.35365725744e-03 -1.21734869718e-03  3.43699621151e-03 -5.70112173351e-04 -4.08766438677e-04 -2.81424105090e-03 -1.07003149286e-03 -2.48186362353e-03 -1.09690317167e-03  8.97582392238e-04  9.55974309628e-04  2.27507682562e-03  1.78850996686e-03 -1.04103738867e-03 -3.30057115960e-03 -6.28334109066e-04 -2.66169222240e-03  1.15368436220e-03  1.73379647211e-03 -2.44889994094e-03 -1.48849786824e-03 -7.63642501635e-04  3.65687572922e-03 -1.42475594100e-03 -2.08652085017e-03  6.96556677562e-04  2.64429165599e-03 -1.63700470029e-03 -1.69950086696e-03  9.30323250635e-05  2.38193288596e-03  1.55155483113e-03  3.32035308444e-04  3.22500314775e-03  1.92410165626e-03  2.95256280556e-03  4.18724123209e-03  1.32344122164e-03 -1.53932686947e-03 -7.37335636617e-04 -1.78070465290e-05 -6.78852076869e-05 -1.62776266354e-03 -3.42765294223e-03 -2.32749360612e-03 -7.12778752144e-04  1.15034870480e-03  8.89574294269e-04  1.18717632175e-03 -7.76024649370e-04  1.69696881312e-03  5.39074030706e-04 -1.28508328653e-03 -4.87070886082e-04 -1.41797565928e-04  4.35475815596e-03 -4.73289390077e-04  2.34016561324e-03 -3.75113471962e-03 -1.44938616951e-03 -1.44107706320e-03 -3.76916013688e-04  3.84447657834e-03 -1.83030318237e-03 -1.42526732589e-03  6.41263958766e-04  5.11128979084e-04  4.02673438626e-04
