 1.03183761681e-01 -2.01167250073e-03  3.22894945700e-03 -1.12965802025e-03 -4.76874846586e-03  5.87044387153e-03 -1.89047773865e-03  1.44671159988e-03  6.08876537200e-04 -9.40965316359e-04 -2.93634126007e-03  1.68022872703e-03 -3.69110070627e-04 -1.13327525318e-03 -3.86868033673e-04  4.81901857086e-03 -1.11329213416e-04 -7.17313362708e-04  1.06799232853e-04  1.60684199705e-03  5.05686085765e-03 -7.12814825006e-04  1.71600456195e-03 -1.92124286025e-03 -2.91068813988e-03  1.18601846289e-03  1.10326197193e-03 -4.42611782678e-03 -2.44720994157e-03  2.47717906070e-03  5.28510323520e-03  4.40090723325e-03  2.48508229743e-03 -5.02370384973e-03  8.44516393183e-04  4.24921046016e-03  1.83384127395e-04 -4.23557058678e-05  6.79644320954e-03 -2.62193651827e-04 -3.60950819306e-04  2.87103567734e-03 -5.32027827319e-03 -4.78110233784e-03 -1.78289177790e-03  2.05660692469e-04  7.29831522604e-04 -2.53076912365e-03 -9.87189095750e-04 -6.59149203677e-03 -3.18719564974e-03 -1.18610092521e-03  5.70412725078e-03 -1.33462268413e-03 -3.80397836785e-03 -1.45666931671e-03  1.12486280451e-03  1.91685912823e-03  5.54267440255e-03  1.01947746556e-03  4.24901053225e-03  1.77321007543e-04 -7.42094328529e-04  1.58575266630e-03  1.45005886243e-03  3.69040588173e-03 -9.74439408026e-04  2.62758502603e-03 -1.95318961515e-03  1.41331314094e-03 -5.70134603281e-04  7.16898839124e-04  2.21572354754e-03 -2.19377725281e-03 -4.25209064134e-03  3.69129424528e-03  1.95067268957e-03 -1.61472768438e-03 -2.05905976045e-03  5.87023828428e-03 -1.88239543806e-03 -9.60228403545e-04 -5.37730957632e-03  2.20657903159e-04 -1.24427236920e-03 -1.63091403596e-03 -5.47348343040e-04 -4.20493969180e-03 -1.91123252395e-03 -1.88378115479e-03 -9.12468822092e-04  7.83153865022e-04  1.62142697601e-03  9.69045728570e-04  1.96384774924e-03  3.48500222154e-03  6.06160199713e-05 -1.76540573166e-03  1.15067041070e-04  1.28524115504e-03  4.11648934651e-04  3.63792876623e-03  2.46541853266e-03  3.47429939972e-04  3.30411420401e-03  2.25566323855e-03  4.95172149031e-04 -2.15045415752e-03  3.80817576774e-03  6.43894723580e-04 -2.35090748266e-04 -3.47618104914e-03 -1.80176069778e-03 -4.75088318610e-04 -2.23750560879e-03 -2.89755372212e-04 -1.89920502776e-03  5.20090907870e-03  2.29561913239e-03 -2.35061113215e-03  3.51903951268e-03 -3.48305695915e-03  7.24685188414e-04  3.06646109988e-03  9.04995207763e-04 -9.89735191825e-04 -2.63319362746e-03 -3.37103200822e-03
-2.01167250073e-03  1.01745625569e-01 -5.13684955153e-03  1.14324862241e-02 -2.60719423854e-03 -2.76821395087e-04  2.86428587140e-03 -3.44369579036e-03  4.86860930405e-03  1.54252621365e-03  1.11224949231e-03  3.99071829161e-03 -2.20100367646e-03  2.49189959124e-04  1.30824680729e-03  5.55439048831e-04  2.79869927998e-03 -3.23181737542e-05  2.87164680832e-03 -2.98324401878e-03 -5.65638099500e-03 -6.11815179113e-04 -2.84254184298e-03  4.46597086831e-03 -2.82658427772e-03 -4.19959648465e-03 -3.76027299980e-03  3.03348575552e-03 -1.43631982336e-03  1.33304156821e-03  4.08854632360e-03 -1.20232507725e-03  1.99445513511e-03  1.19016582216e-03  6.37005313230e-04 -2.38230683025e-03 -2.18602665080e-03 -3.59223833284e-04 -1.63505491936e-03  3.43383559380e-03  4.71120023362e-03  1.79120454978e-03  8.03066848125e-04  2.75564704459e-03  9.27997013994e-04 -6.84856436484e-04 -3.22144621697e-03 -1.89186869388e-03 -6.96155270081e-04 -1.91267892984e-03 -1.06536089352e-03  3.07530642480e-03 -4.12542600999e-04 -2.09082426140e-03  3.62785445255e-03 -1.21080526977e-03 -3.67847326072e-03  2.23130543217e-04 -1.12606568892e-03 -2.26491541553e-03  3.26244850181e-03  3.40556638445e-04 -1.86530507783e-03  2.19873199962e-04  4.18245113591e-03 -1.68585649251e-03 -1.76048003562e-03 -5.98582010043e-04  4.45802741361e-03  1.95599616309e-03 -1.94008092618e-03 -3.94727287664e-04  1.18606812833e-03 -3.77230241784e-03  3.42809155612e-03 -5.56050609236e-03 -1.39821775947e-03 -1.76268264339e-04  1.07163777917e-05 -1.08963886591e-03 -4.23916082078e-03 -1.77110091600e-03 -2.98840612478e-03  1.52602955746e-03 -1.07610549061e-04  4.21678936352e-03 -2.65020120207e-03 -1.65461250597e-03  4.19170240500e-03 -4.14182539429e-04 -3.05566023399e-04  8.83021669990e-04 -2.39109218320e-03  4.19307822448e-03  2.71100948495e-04 -1.08560020759e-03  3.47409795578e-04  1.00153222589e-03  1.26454013015e-03  4.03852182054e-03  1.29391019375e-04 -4.62188460497e-04  3.53022618311e-03 -2.42258175027e-03 -5.93559878865e-03 -6.79123767315e-04 -3.25746183000e-03  1.82271739290e-03 -2.02584858200e-03 -3.78083009902e-04  1.07682909526e-03 -1.75800627489e-03 -2.31481509374e-03 -2.08916690596e-03 -4.62291993754e-03  2.40312514338e-03 -2.20767696808e-03  3.22361697507e-04 -2.47976336894e-04  3.97963622217e-03 -4.08458600651e-03  2.41352147647e-03  4.41497171471e-03 -2.64161907770e-03 -6.27250203739e-04  2.74271404649e-03 -1.82141300886e-03  9.16244468048e-03
 3.22894945700e-03 -5.13684955153e-03  8.79292752005e-02 -7.92472185347e-03 -8.87135908740e-04 -3.06637719549e-03 -9.23990045169e-04 -6.71989652474e-03 -1.20317540980e-03  2.60013834515e-03 -1.62577182670e-03 -9.84375108191e-04 -1.21131197122e-03 -1.85968540834e-03 -2.65000849553e-03  1.55229205151e-03  1.41659615131e-03 -4.41582974015e-03  2.95097446746e-03 -1.01654748501e-03 -3.40673661107e-03 -8.59255707821e-04 -1.11845730742e-03  2.93334355214e-04  2.63888049895e-03  1.98992822702e-03 -1.22314728049e-03 -3.61308389279e-03 -2.58186009753e-04 -1.82720942643e-03  7.82536073359e-05 -1.28830632669e-03  1.34253233605e-03  4.53358783123e-04  5.87564860886e-04 -2.32881925011e-03  1.54805941099e-03 -5.09916791580e-05 -7.28884397308e-04  7.77759307650e-04 -7.75492296115e-03 -3.73256396175e-03 -3.40759824670e-03 -7.45762677284e-03  3.27212848687e-03  4.59276758546e-04 -2.17917676604e-03  9.51511657570e-05 -6.27530036915e-04 -6.38634455396e-04 -2.58981271320e-03  4.31725772053e-04 -5.66867992636e-04  3.91235476423e-03  3.53222042306e-03  2.98907265778e-03 -1.44955176759e-03  2.00193379819e-03 -9.79351373903e-04  4.80950303194e-03 -2.79472453019e-03 -1.22581086988e-03  8.46647940933e-04 -2.15598440731e-05  7.39825219332e-04  4.19830669169e-03  1.20327088213e-03  1.26249641096e-03 -2.66927904836e-04  4.05615836942e-03  2.20086159439e-03  8.16430593336e-04 -3.08189393267e-03 -5.29215048017e-03  4.91679704204e-03  2.67553285219e-03 -2.53969702248e-03  4.39667399478e-04  1.61618258666e-03  2.04042847614e-03  9.17572294649e-04 -4.88961451111e-03  9.65376137873e-04 -2.92487569667e-03 -2.36470301341e-04 -3.28930981565e-04  1.69069622849e-03  1.66356712110e-03  2.82318742624e-04  4.89941978888e-04 -1.84304878807e-04 -2.66623946507e-04  4.24651125414e-03  3.36209233203e-03  5.20339658101e-03  7.35564927162e-04 -2.58737051740e-03  2.13461543679e-03 -7.97944334882e-04 -1.39824827093e-03 -2.49791165949e-03 -3.66109368127e-03 -3.85576745422e-03  9.78927161343e-04 -4.99392779713e-04  6.24644512769e-04  8.21742860657e-04 -4.60388305142e-04  2.62832684408e-03 -9.44945730643e-05 -8.20747631488e-04 -3.90441662838e-03 -1.01824425743e-03  2.53920847876e-03  4.78038424894e-03 -5.66391503216e-05 -8.52054114715e-04 -6.99024275354e-04  4.86708932833e-03 -4.30931019926e-03 -1.27022453649e-03 -2.86509118851e-04  7.49842942043e-04  1.06872901300e-03  3.41793647910e-04 -7.76515174077e-04  3.38000997227e-03  1.50374536700e-03
-1.12965802025e-03  1.14324862241e-02 -7.92472185347e-03  8.23991836534e-02 -7.70941903542e-03 -4.54663868653e-03  4.98878470253e-03  2.99268049834e-03  4.01289965855e-03  3.39900428032e-03  3.10177020667e-04  2.00226068093e-03  1.05539298509e-04  2.28434690993e-03  3.09476339037e-03 -2.77829743784e-03 -1.52948211701e-03  1.05826074943e-03  4.75261831917e-05 -4.42340016723e-03 -4.07849814663e-03 -8.31504390502e-04 -1.38444115839e-03 -2.08988417001e-03 -1.28615940051e-03 -1.43879896396e-04  4.84644829234e-04  4.24864461698e-03 -1.37176713095e-03  3.64915946294e-03  1.56880117037e-03 -2.22899996530e-04  8.15552154235e-04  8.14069597368e-05 -4.43118258807e-04  1.87180295699e-03 -1.98621567591e-03  1.90986652942e-04 -3.56514006763e-03  1.64463640472e-03  2.78328256879e-03  2.05973666359e-03  1.09913118383e-03  7.90522978172e-04  1.32883691919e-05 -2.64458513635e-03  9.12865462498e-04  1.63575936810e-04 -1.35011245699e-03  9.67063144234e-04  2.63974300408e-03 -1.94768817438e-03 -1.49192038334e-03 -2.37742156501e-03  3.98869148577e-03 -6.37558034814e-04  3.56420258308e-04  2.17071818858e-03  1.61180251818e-03  1.07194682672e-04 -1.24373399349e-03  5.03548717646e-04  1.52585118137e-03  5.36733306402e-04 -1.92741640892e-03 -1.57872766482e-03  6.04874968813e-05  2.04736293001e-04  1.06242449825e-03  5.17793295971e-05 -1.24232164532e-03 -3.34010724133e-03  3.25350670467e-03 -4.77104950361e-04 -2.13980325128e-03 -1.77465459216e-03  1.76309696352e-03  3.76532775303e-05  1.19153714264e-04  5.40503598360e-04 -5.12558890790e-04  4.61879719616e-04 -1.63839302199e-03 -1.60919443523e-03 -1.14947155583e-03  1.78148023317e-03 -2.95539009841e-03 -4.44724075710e-03  1.97049840070e-03 -3.24578562123e-03  2.85020577053e-03  3.49127079841e-04  3.37920734996e-04  7.33935976170e-04 -7.40394667111e-04 -2.82260208542e-03  2.08207470433e-03  5.72759590817e-04  1.78916615629e-03  2.97512071620e-03 -3.92086875111e-04 -1.04982128560e-03  3.08930506383e-04  2.70013357562e-03  1.11233522991e-03  1.38122754153e-03 -2.46408471517e-03  9.11524061701e-04  1.14497939959e-03 -4.53710048830e-04  1.45658111146e-03  4.84871496091e-04  3.02664935368e-04  5.05098922428e-04 -7.15255511159e-04  4.36497993488e-03  3.35542210596e-03 -2.34133749924e-03 -2.45644098512e-03  1.17600718004e-03  6.14992538910e-04  3.61696858739e-03 -6.34615657221e-05 -1.91584661069e-03 -6.98664977773e-04  4.89635892731e-03 -2.67650600402e-03  1.82099419551e-03
-4.76874846586e-03 -2.60719423854e-03 -8.87135908740e-04 -7.70941903542e-03  7.45794217450e-02 -1.68525739864e-02 -7.79380625029e-03  1.15265366781e-04 -3.76056464588e-03 -2.67680326466e-03  8.29149276210e-04 -1.76917159251e-03  1.43779803295e-04 -2.58919657357e-03 -2.53378292198e-03  4.09666834183e-03  1.11938774324e-03 -2.63717506367e-03  4.34790844040e-04 -9.20160017885e-04  5.32940587154e-04 -8.74677165410e-04 -9.18458116744e-04  2.05202680251e-03  8.50454610565e-04 -3.02155990772e-03  1.32804498819e-03 -1.08426280670e-04 -8.73060444669e-04 -3.04845133677e-04  1.30463926556e-03  1.80505123635e-03 -4.37140773763e-03  3.22780697011e-03  1.89412538052e-03 -3.60196134393e-03 -1.40262076597e-03  3.44229548362e-04 -2.26739349926e-03 -1.23531404474e-04  7.27409033082e-04  3.32893945997e-03 -1.54023088968e-04 -2.30400310806e-04 -3.65084010567e-04  3.16347108410e-03 -2.53851625478e-03  2.02963691415e-04  4.08676409852e-03 -3.80532673026e-03 -6.66667733345e-04  2.21063457848e-04 -1.40908780332e-03 -3.76992866791e-03  1.90114698717e-05 -1.43669127918e-03  2.46135758287e-03 -1.17384712518e-03  1.67870085768e-03 -3.02968488433e-03  2.65120828881e-03 -9.84580572793e-04 -1.01855969388e-03 -4.88702629161e-04  1.31448724264e-03  1.08508165139e-04 -2.50635015724e-03 -2.25806692627e-03 -1.44273846516e-03 -6.12220797209e-04 -1.48060809055e-03  2.52614687751e-05 -4.60642649715e-03 -1.18834300907e-03  1.02155502889e-03  2.60466671058e-04 -2.48484924271e-03 -4.29614524016e-04 -1.65844227984e-03 -1.02464571540e-03  1.81112974801e-03  1.11916775275e-03 -9.95626468538e-05  1.39250587772e-03 -2.67836030844e-03 -3.98883128386e-04 -1.71948235114e-03 -2.32882885396e-04  1.77355745509e-03  3.55429716765e-03  3.33115125181e-03 -1.70524230992e-03  2.31809818391e-03 -4.74962762707e-04  1.05297569491e-03  3.16363307428e-03 -7.59405276892e-04  3.67777184492e-04  1.87612003783e-03  3.72119075179e-04  9.39360749658e-04  1.22395713014e-03  1.96341067755e-03 -1.81632133652e-03  8.58035309344e-04  9.62064305449e-04 -8.09104950241e-05  8.99241967063e-04  5.43959931398e-03 -8.70984825372e-04  1.92397870479e-03  2.32288083506e-03 -4.07239103794e-04 -2.62281886523e-03  3.44236297772e-03  7.58294437680e-04 -9.56455205029e-04  2.67365713480e-03  2.33732575436e-03 -9.54917500023e-04  1.73994250128e-03 -6.54918753879e-03 -3.67246635445e-03  4.53924692758e-04 -1.06563770011e-03 -2.80112292896e-04 -5.57110938262e-04 -1.53043515023e-03
 5.87044387153e-03 -2.76821395087e-04 -3.06637719549e-03 -4.54663868653e-03 -1.68525739864e-02  9.46452756701e-02 -3.87709800232e-03  4.84233664100e-03  5.48360087918e-03  8.73535976708e-04 -1.72481964859e-03  1.05218401190e-03  4.34647437943e-04  3.05445857896e-03  2.79757134433e-03 -3.59597627522e-03  9.73160327016e-04  4.61679108300e-03 -2.09912391167e-03  2.75623024647e-03  2.83608359357e-03  1.76155887037e-03  1.55377003684e-03 -3.05785461258e-03 -1.10448150512e-03  7.00866319666e-04 -1.37268217394e-03  9.87044030188e-04  1.01330526516e-03  2.54344739165e-03  1.14921393651e-03 -2.38991490533e-04  3.80477881947e-03 -7.16145625360e-05 -2.73952759026e-03 -5.15541605550e-05  2.76416128770e-03  3.26667753953e-04  2.93753644072e-03  2.64505443769e-03 -1.63319662725e-04  6.29226748288e-04 -2.79118302452e-04  2.32845397085e-03 -1.53366513626e-03 -2.29153113684e-03 -1.17914110521e-03  1.08119998712e-03 -3.78620582134e-03  4.42983859566e-03  1.66870260768e-03  2.10926042463e-03  2.44208210367e-03  1.28139787175e-03 -2.54626691083e-03 -3.29159450995e-03 -9.00704008257e-04  1.02008548076e-03 -3.09251386984e-03  3.92168943586e-03 -2.12778577395e-03 -1.39997119589e-03  3.16139862891e-04 -1.09141585717e-03 -8.07100892648e-04 -4.09397708700e-03 -3.68181391792e-04  4.46074244479e-03  1.02298757725e-03 -1.59273829510e-03  1.93590018739e-03  2.64264842703e-04  2.58247775196e-04 -3.49797864320e-03 -2.55093820752e-03 -3.42220637444e-03  1.02983019722e-03  1.47580007276e-03  5.11594127746e-03 -1.23979414736e-03  5.24943225465e-04 -9.61048804090e-04 -5.41204653524e-04 -1.39727686156e-05  2.89566815844e-04  2.17442610715e-03 -1.50383610064e-03  2.41126951172e-03 -5.70416501956e-04 -1.59221661822e-03  2.39911135494e-03 -1.02249642573e-03 -1.57145838085e-03 -7.66094106949e-04 -8.72639291187e-05 -2.20342747410e-05  3.17265653537e-05  2.79292815806e-04 -2.64554488116e-03 -3.14161787552e-03 -1.97932328194e-03 -5.39923105636e-03 -5.09405573408e-03  2.05128785852e-03  3.00896541487e-03 -7.12442606083e-04 -2.21433050889e-03  1.03493447282e-03 -4.75973731057e-03 -6.93375606419e-04 -3.13260557877e-04 -2.63564304133e-03 -3.17578404570e-03  2.07562458017e-03 -2.74521525001e-03 -2.57034568645e-03 -2.76408808503e-04 -3.30183608858e-03 -4.45672452738e-03  1.62478192380e-04  2.04087412923e-03  3.10718204312e-03 -6.11032901757e-05 -1.90121902163e-03 -1.66302409692e-03  5.23832639736e-05 -1.27354844660e-03 -2.67580132901e-03
-1.89047773865e-03  2.86428587140e-03 -9.23990045169e-04  4.98878470253e-03 -7.79380625029e-03 -3.87709800232e-03  5.70076509663e-02 -3.92241726895e-03  2.62712866107e-03 -5.32807163733e-03  6.16243390178e-04  1.54769097264e-04  6.47294233125e-05  9.52732745122e-04  2.00667733217e-03 -2.06083825447e-04 -1.72640607725e-03 -1.76232795597e-03 -1.60518161622e-04  1.72007979992e-03  1.74464104378e-03 -1.85871510284e-03  9.62599606877e-04  8.61931560198e-06  7.45176173168e-04 -8.32612539770e-04  3.31351383715e-03 -2.49202346743e-03 -3.78124002767e-04 -3.54233975759e-03  8.08148993936e-05 -6.53201724439e-04 -1.65265950010e-04  7.35062720171e-04 -5.08802701678e-04  1.40656410777e-03 -1.35861849599e-03  2.22992074699e-03  8.92249333260e-04  5.05984772577e-04  1.26105172780e-03 -1.79255403522e-04 -2.38263092668e-03  9.44130513910e-04  2.76570821667e-03 -2.15112823268e-03 -1.39030739606e-04  1.41021665982e-04  1.54061843467e-04  1.22624325874e-03  2.33348298753e-03  1.14078335065e-03 -2.58992428260e-03  1.42842936054e-03 -1.02634377878e-03  3.56534453657e-05  5.01073746197e-05 -1.20945824627e-03 -2.71887741235e-03 -2.40676941715e-04  1.04643723204e-04  1.78491029226e-03  6.91577283611e-06 -1.19240422074e-03 -8.07699435220e-04  1.00279286698e-03  1.99022625824e-03  6.76913472403e-04 -1.20813853552e-03 -9.83261117601e-04  6.80811708983e-05 -5.80022208003e-04  2.99539006342e-03 -1.54037351798e-03  7.60534238585e-04 -2.51273639264e-04 -4.01310457500e-04  1.15464862356e-04 -6.71101674831e-04  5.85095971461e-04 -4.49223175867e-04 -9.58075587928e-04 -1.13272720386e-03 -7.51467451955e-04  2.16755511044e-03  3.58183213197e-03  1.29817690031e-03  4.80175142165e-05 -3.00960753964e-04  6.73045658469e-05 -5.21404347519e-03  5.44416719169e-04 -8.75408438406e-04  5.04208563984e-04 -4.04073839048e-04 -3.64460438040e-03 -1.68003234626e-04 -2.06141555653e-04  3.95968745651e-04 -5.20290143489e-04 -4.32188473783e-04  5.07767119293e-04 -1.48152445022e-03  1.13020605833e-03  1.04395964309e-04 -1.31840596610e-05  7.91056151120e-04 -1.21450834669e-03  1.48222826898e-03  1.39931996603e-03 -1.78997172303e-03  8.65729916333e-04 -5.24654342793e-04 -1.06025130940e-04  5.58978778890e-04  4.55697276189e-04 -3.17406816363e-04 -1.73393743231e-04  3.66059503891e-04  1.21450763565e-04  7.08964929864e-04  1.17166701324e-03 -6.04494709584e-04  2.38564473849e-03 -8.69816461589e-04 -1.20713128638e-04  1.38457547048e-04 -1.04470798389e-04
 1.44671159988e-03 -3.44369579036e-03 -6.71989652474e-03  2.99268049834e-03  1.15265366781e-04  4.84233664100e-03 -3.92241726895e-03  9.16046889094e-02  3.98106204759e-04 -2.32760888031e-03  1.38427101780e-03 -1.14809597086e-03 -1.51156498106e-03  4.58105576481e-04 -1.55298245292e-03 -2.29496855212e-03  1.37044661114e-03  8.27704753759e-04 -2.57786776556e-03 -1.36193231808e-03  4.66326493895e-03  2.36337974548e-03  6.99841565740e-04  2.19798805121e-03 -3.40923406394e-03 -5.26820745358e-03  1.81863177310e-03  2.09329991250e-03 -3.61461952881e-03  3.45663653285e-03 -4.65476409996e-03  6.16211623497e-04 -9.46946747791e-04 -1.80499958513e-03 -1.42784466521e-03  5.73443775961e-04 -1.34232670594e-03  3.63635611543e-03  9.87134044790e-04 -2.67618077955e-04  1.52657080205e-03  3.05575826901e-03 -7.24282837230e-04  2.86155520712e-03  7.52954704303e-04 -3.42197548034e-04  4.46184019829e-03 -4.16310167760e-04 -1.19397509322e-03  6.24419875806e-03 -8.11829134069e-04  1.79811965604e-03  3.69965638414e-03  9.03994729897e-05  2.80179817167e-03 -4.54474903126e-03 -1.47830390538e-03 -1.56071337829e-03  1.94311323415e-03  2.21772953457e-03 -1.54691985412e-04 -9.61399996430e-04  4.80490761495e-04 -6.11649057525e-04 -1.61144374759e-03 -2.43297132321e-03 -1.48071227764e-03  3.27184220244e-03 -4.30103932442e-03 -1.85466541413e-03 -5.38808598779e-03 -1.60144629337e-03 -3.12285876159e-03 -1.10050167976e-03  7.38189951915e-04  6.27192793048e-04 -1.51535820072e-03  1.84955080346e-03 -4.80610793925e-04 -1.19712998499e-03  9.48379678601e-04  4.11645538839e-03 -3.51833465421e-03  1.05582871669e-03 -1.96716711124e-03  4.65831604085e-03  4.56680669923e-04 -2.10701657679e-03  1.83341931143e-04  1.49802840849e-03 -1.76384117087e-03 -6.29804882452e-04 -5.94074655821e-03  3.62415504468e-03 -3.83897743240e-03  4.32136444392e-03 -1.08791978913e-03  1.31189917638e-03 -1.66827290634e-03 -1.68497171369e-03  1.79506091922e-03  2.07255496935e-03 -9.92626623578e-04 -1.33969927333e-03  1.38018864396e-03 -7.24814783724e-04 -6.98331769139e-04  6.81022875782e-05 -5.63945401912e-03 -1.71842689352e-04  3.79545186158e-03  2.82964131206e-03 -1.45175822401e-03 -2.55286892330e-03 -2.05913509125e-03  3.24918899815e-03  7.11924285484e-04  5.00850257406e-03  2.09613191774e-03 -2.73555343530e-03 -4.34993733239e-05  5.23550877119e-04 -5.09304501240e-03 -9.02104970763e-04  3.64583880337e-04  3.90987360122e-03 -8.37426608925e-04 -3.70530696064e-03
 6.08876537200e-04  4.86860930405e-03 -1.20317540980e-03  4.01289965855e-03 -3.76056464588e-03  5.48360087918e-03  2.62712866107e-03  3.98106204759e-04  8.56730661816e-02  3.26589907121e-03 -1.15733967072e-02  8.52737361050e-03  3.10109605513e-04 -1.71790533186e-03 -3.73747882911e-04 -3.36648976609e-03  1.13318673213e-03  1.24216231000e-03 -1.41719150487e-04 -1.09355553321e-03  2.32065110873e-03  3.42393606536e-03 -2.90155488300e-03 -1.34676499437e-03 -4.70257937549e-03  2.72460055298e-03 -2.27023381713e-03  9.04516303526e-04  2.17602197091e-03  2.81668979460e-04 -2.04430079782e-03 -9.77168906064e-04 -5.65328129350e-03 -2.93887198903e-03 -1.68578966928e-03  3.22071466759e-04  1.24693636349e-03 -9.53254088916e-04 -1.87222586932e-03 -1.11090867695e-03 -9.23387794557e-04  3.25014558397e-03  3.96435258813e-03  4.11536330665e-04  2.17878291749e-03  5.67787072856e-04 -7.82100050561e-04 -3.63981593371e-04 -2.50234024432e-03  1.63563443995e-03  1.25221997367e-03  3.01290530009e-03 -1.96060757387e-03 -1.05788281334e-04  1.35859197317e-03 -1.57715543195e-03  2.98550735497e-03 -2.26551606113e-03  1.63271071265e-03  5.09609099777e-03  9.50635950735e-04 -1.56381244687e-03 -1.68361068294e-04  2.69177522029e-04 -2.43438833047e-03  9.05462593334e-04  3.64128061721e-03  1.63305394768e-03  2.75539087400e-03  1.93016257035e-03 -3.62768492027e-04  2.72522377447e-03 -1.10574805124e-03 -4.22765262195e-03  2.64065295462e-03 -2.82323033622e-03 -9.22653448497e-04 -2.01572383151e-03  1.35979347727e-03  5.92203993218e-04  1.91146804324e-03  2.78256169736e-03 -3.92076924218e-04  5.89486873964e-05 -1.79465543663e-04 -4.46143510260e-04 -1.72158247542e-04  8.89291346995e-04  8.36772896762e-04 -3.16182379296e-04 -2.10829026071e-03 -5.48710632328e-04  3.69057872399e-03  1.19885615067e-03 -5.56023902605e-05  2.38308769935e-03 -1.12436952152e-03 -1.16461485702e-03 -1.74426119503e-03 -1.35885285531e-03 -1.69067742786e-03 -1.56191910951e-03  2.59823798372e-04  2.56467223886e-03 -1.32469275221e-03  1.16898893589e-03 -1.21945792964e-03 -2.37688192359e-03  3.52433494445e-03  2.19075857132e-03 -1.52875821577e-03 -3.60375609951e-03 -2.27851621031e-03 -1.00527912837e-03 -5.02150868176e-03  5.75484030255e-04  1.00541753038e-03  4.66193311000e-03 -3.82573245010e-03 -1.14316965519e-03  3.11549432900e-03 -1.38308963987e-03 -2.04449138503e-03  1.65198491099e-03 -2.30896563158e-03  2.01357379522e-04 -1.91694798124e-04  2.75997516761e-03
-9.40965316359e-04  1.54252621365e-03  2.60013834515e-03  3.39900428032e-03 -2.67680326466e-03  8.73535976708e-04 -5.32807163733e-03 -2.32760888031e-03  3.26589907121e-03  7.03946751699e-02 -2.11600248585e-03  9.11526534324e-03 -5.25571202914e-03  1.64126303356e-03  1.43962735174e-04 -3.90024736606e-03  1.82402484415e-03  2.93397283243e-03 -3.39747273160e-04 -2.04254653813e-05 -1.17091570594e-03  6.84401762383e-04 -1.25834968538e-03 -2.43875743877e-03 -3.87527810250e-04  3.48462238930e-04 -1.64763378201e-03 -6.47229991855e-04 -5.44468763858e-04  2.36547874713e-03  2.98917608566e-03  1.80821482119e-04  3.46882957084e-03 -2.09131794219e-03  2.61968652542e-03 -3.86948962815e-04  9.46707188665e-04 -1.04412142703e-03 -1.65493995319e-03  1.02215001297e-03 -2.01925859074e-04  2.31356936641e-03  2.44685256394e-03  1.19948391453e-03 -9.59095972344e-04  9.77601162949e-05 -6.38218876347e-04 -7.59781165311e-05 -4.94009994036e-04 -1.92755223623e-03 -5.50133890197e-04 -2.73556864073e-03 -7.78870671852e-04  2.40160610218e-03 -1.25518531606e-03 -1.90978251926e-03  6.45124759334e-04  2.61877551787e-03  2.91877829879e-03 -2.53823754138e-03  1.13434100544e-03  1.69466609800e-03  9.04601369031e-04  5.50836920169e-04  1.34717162553e-03  4.11719421010e-04 -2.91626436583e-03 -2.34744877581e-03  1.38577782799e-03  1.16266218552e-03  2.21132213551e-03 -3.08199745202e-05  1.14062256638e-03  3.31412337710e-03 -1.52023964701e-03  1.86339788086e-03  1.95509353106e-03 -1.45230370440e-04 -1.42660994415e-03  7.03936251682e-05  3.19305786649e-04 -9.55570144224e-04 -1.85607033237e-03  6.86201544792e-04  6.54035582565e-04 -5.90149917418e-04 -1.94585361482e-03 -4.35538586883e-03  9.96580141579e-04  1.36163358593e-04  2.85614603197e-03 -2.80816902110e-03  2.32489650387e-03 -1.48292272088e-04 -3.09778394255e-03 -1.10593028305e-03  9.07643877945e-04 -1.54321496208e-03  2.34089284185e-03 -7.86382440619e-04 -1.46641096544e-03  1.17145460189e-03 -4.67657808963e-04  9.92497898911e-04  7.22040716991e-04  2.41570434332e-03 -1.72613809519e-03  1.43818518342e-03 -2.93585616581e-03  2.16177521739e-03  1.16035702708e-03  3.51165702368e-04  3.19311789706e-03 -1.10293871527e-03 -1.23805993528e-03 -6.33542040320e-05  9.36638916752e-05 -4.10243799637e-04 -1.11215241724e-03 -4.31617499589e-05  5.18522026414e-04 -1.53532008009e-03  1.62043998237e-03 -2.03030018407e-04  1.81592142398e-03 -1.52951501262e-05 -1.13385011874e-04 -3.12331686918e-04
-2.93634126007e-03  1.11224949231e-03 -1.62577182670e-03  3.10177020667e-04  8.29149276210e-04 -1.72481964859e-03  6.16243390178e-04  1.38427101780e-03 -1.15733967072e-02 -2.11600248585e-03  1.01990504952e-01  5.74967521671e-03  7.64015678174e-03 -1.97573461824e-03 -9.92967484196e-04  2.62336978446e-03  1.65781065879e-03 -7.24998097174e-03 -7.34024289316e-04  1.60461963722e-03 -5.52899497632e-04 -8.65789824386e-04  9.80439083349e-04 -5.66625802333e-05  3.53453241206e-05 -3.66788446249e-04  2.22172870048e-03 -1.72920622519e-03 -1.65622968185e-03  4.78601233789e-03 -2.14884008073e-03 -5.85252023061e-04  1.18775573536e-03  1.81682114755e-03 -9.85142892293e-04 -3.39521327546e-03  7.78178434193e-04  3.68378411616e-03 -1.12938238918e-03  8.83007928356e-04 -7.80907312883e-05  4.29606570004e-04  7.75828862090e-04  1.37483486274e-04 -1.94382015388e-03  5.61368061582e-04  3.72237547546e-03 -8.88330595151e-04  3.15651122542e-03 -2.34334502541e-03  1.81475334851e-03  2.02699794373e-03  4.95643253653e-03 -3.49330060634e-03  2.39345220164e-03 -5.62535799069e-04 -1.40573135682e-03  1.43315645813e-03 -1.95818065278e-03  3.00195466973e-03 -1.03105550984e-03  2.19957737766e-03 -1.39979719120e-03 -1.03357825513e-03 -2.64596983961e-04 -3.79486016492e-03 -3.30770320709e-03 -3.56163707532e-03  4.23894155747e-03  3.97255713600e-03  2.11391747673e-03 -4.40844010591e-03 -6.45655433933e-03  7.73993426413e-04 -1.84174840525e-03 -2.26777952853e-03 -2.09394190977e-03  1.57231618465e-03  1.58952154446e-03 -1.32817709211e-03  1.94249552395e-03  1.59184099425e-03  2.05490972334e-03  7.91662430652e-04 -3.63275499954e-03 -2.89483717735e-03 -1.51030268884e-03 -2.41475674635e-04 -3.35995068678e-03 -1.39303653151e-03 -1.76215579618e-03 -1.53877362762e-03 -1.33480017592e-03 -8.73204194640e-04 -1.88312947125e-03 -4.44949925549e-03 -2.96098836344e-03  2.51154772324e-03  7.06024636091e-03 -5.85283246888e-03  2.32198080641e-03  4.58551950788e-03 -2.57751352470e-03 -1.14695918094e-04 -3.75125060975e-04 -1.16372180058e-03 -3.09861039928e-03 -2.03112447151e-03  5.30968400138e-03 -2.60428181174e-03 -1.15483070738e-03  1.64829016332e-03 -1.68033411515e-03 -1.94416624938e-03  2.26404747774e-03 -1.49608601348e-04 -9.22818631583e-04 -2.22711181407e-03 -1.87202828958e-04 -5.83393107657e-05  1.68832394055e-04  6.40222783188e-04  5.56333762238e-04  8.29302727321e-04 -1.10815625754e-03 -2.72346864456e-03  2.14538967616e-03 -3.23565202742e-03
 1.68022872703e-03  3.99071829161e-03 -9.84375108191e-04  2.00226068093e-03 -1.76917159251e-03  1.05218401190e-03  1.54769097264e-04 -1.14809597086e-03  8.52737361050e-03  9.11526534324e-03  5.74967521671e-03  7.46593159846e-02 -1.89624647840e-03 -1.01117672754e-02  2.17690885005e-03  2.26940975617e-03 -1.78203117869e-03 -1.49729753316e-03  1.82990271699e-03  1.54695687792e-03 -5.69998687265e-04 -6.69450897584e-04 -1.14908932051e-04 -1.96327742817e-03 -2.93624477427e-03  5.55381459952e-04 -7.58597562153e-04  2.35947837638e-04  3.52064628178e-04  4.41651597769e-04  8.49429430299e-04 -1.71638405303e-03 -4.29641374704e-04 -1.08306063194e-03 -2.01259236061e-03  1.17081439532e-03  3.11235346445e-03  7.55211231563e-04  1.12787459565e-03 -1.02137838098e-03 -1.24751483570e-03  2.61699549960e-03  2.67419934333e-03 -2.41860848338e-03 -8.63828391782e-04  1.83504643938e-04 -4.15584847321e-03  1.34540482343e-03  3.50477572672e-04 -1.51434691413e-03  1.23125179721e-03 -2.55228275608e-03 -4.32285788630e-05 -1.64525098219e-03 -3.73022538363e-03  4.43179327761e-04  1.03479244749e-03  7.14591130932e-04  2.94772326649e-03 -2.74060283227e-04  1.03293477606e-03 -1.40531911760e-03  8.26898758922e-04  2.14805782569e-04 -3.68318027590e-04 -1.06825103756e-03 -2.94617215097e-04 -6.05835773377e-04  1.83748716284e-03 -1.98433124991e-03 -3.83030556117e-05 -9.77891317152e-05  1.71762503555e-03 -2.18985035869e-04 -2.93479512640e-03  1.83550617673e-03 -2.16409030727e-03 -9.46954066626e-04 -7.39035152056e-04 -2.30403063348e-04  2.76160542988e-04 -4.83953958450e-04 -1.50821996202e-04  4.22681024028e-04  1.25192571317e-03  6.97746265642e-04 -1.87328329253e-03 -1.46226236370e-03 -4.01192032661e-03 -5.50603219968e-03  4.62424961879e-03  1.87382000331e-03  1.31406972723e-03 -9.56440151676e-04 -1.13231009826e-03  8.95075764555e-04  1.04695836759e-03  1.76805981814e-03  6.20442321974e-03 -2.20437941000e-03 -5.28929416864e-04  4.67005696343e-03  1.40281583367e-03  5.11028751183e-05  5.35159523878e-04 -1.11837299273e-03  1.09973285353e-03 -1.82616089562e-03 -7.61148620940e-04  2.16655920661e-03  1.87840099848e-03  7.80869199103e-04 -2.97627723909e-03  2.50230403583e-03 -2.91529028446e-04  2.13373137337e-03 -3.85449262498e-04 -4.44184817008e-03 -1.19296122443e-03  9.07095739108e-04  9.77376172548e-04  3.91818690467e-05  9.08983363390e-05 -7.86908425307e-04  9.47052931877e-04  1.26238693900e-03  2.88598036442e-03  1.06847367882e-03
-3.69110070627e-04 -2.20100367646e-03 -1.21131197122e-03  1.05539298509e-04  1.43779803295e-04  4.34647437943e-04  6.47294233125e-05 -1.51156498106e-03  3.10109605513e-04 -5.25571202914e-03  7.64015678174e-03 -1.89624647840e-03  6.73925632404e-02  1.98126721384e-03 -1.57101217315e-03 -3.54973811005e-03 -6.26976762451e-04 -4.90141577601e-03  2.37444903009e-03  5.79522487094e-04 -1.94163656178e-03 -8.22037789933e-04  1.36734436954e-03  5.61341135421e-04 -2.23029198628e-03 -4.37099243958e-03  1.55474759700e-03 -1.50831389074e-03  8.78485440631e-04  6.31886424369e-04 -7.51166349542e-04 -2.63504358816e-03 -3.16789438027e-04  2.81655340879e-04  6.44719336925e-04 -1.58337520458e-04 -8.65658769609e-04  1.88740986997e-03  7.94677989985e-04  2.14067355372e-03  1.98106586254e-03  1.21503065369e-03 -3.99457273767e-03 -2.09580210143e-03 -4.90590301035e-04  6.49375340389e-04 -1.94481264662e-03 -5.42687019864e-05 -9.82244356504e-04 -3.32046538897e-03 -7.82124378425e-04  1.76367075428e-03  3.78277159223e-03 -1.34991710339e-03  6.34697875272e-03  1.19640409164e-03  5.48232359673e-04  1.67276244164e-03 -2.38232148663e-04 -7.59478479987e-04 -1.01365384183e-03 -9.04845009345e-04 -7.48271478672e-05 -2.90418278312e-04  7.40859974961e-04 -2.18573331141e-03  4.75656777919e-03  3.35920367187e-04  1.99716700245e-03  3.82049488955e-03  5.04053470495e-05 -2.25066373789e-04  3.75256142040e-06  1.76255514420e-04  9.69815827009e-04 -1.22322019789e-03  2.42716101863e-04 -7.67924639389e-04  2.57051630256e-04  1.00342192777e-03  5.89475275217e-04  1.82736886419e-03  3.79785824077e-03 -2.37990155379e-03 -4.34939625312e-03  3.38044957648e-03 -4.02583109204e-03  5.10671279873e-04 -1.27970068324e-03 -1.86621908222e-03 -1.42667614897e-03 -4.76731420825e-04  9.88111286680e-04 -1.37105828875e-03  2.80192595153e-04  3.82781244236e-03  2.45336142823e-03 -1.97192387846e-03 -1.73090514607e-03 -8.63830156153e-04  1.37974990520e-03 -1.86417030986e-05 -1.42665067776e-03  1.04076030217e-03 -3.45820497327e-04 -2.90929172237e-03 -8.65159236340e-05  1.70833147872e-03 -1.23669795218e-03 -2.14652882362e-03  7.75087476457e-04 -1.81547579626e-03 -2.95471806341e-03  7.59530878866e-04  1.10564392536e-03 -5.74230338983e-04 -6.06472889829e-04 -1.45337537501e-03 -2.47515663842e-03  1.52254097402e-03  2.22471675923e-03  5.48106261610e-04 -2.28349722852e-03  8.72408083730e-04 -3.14844100826e-03 -4.07437756698e-03 -2.07408081367e-03 -6.28638530557e-04
-1.13327525318e-03  2.49189959124e-04 -1.85968540834e-03  2.28434690993e-03 -2.58919657357e-03  3.05445857896e-03  9.52732745122e-04  4.58105576481e-04 -1.71790533186e-03  1.64126303356e-03 -1.97573461824e-03 -1.01117672754e-02  1.98126721384e-03  7.05301973899e-02 -3.79038863112e-03 -1.92447497422e-02  1.06772711389e-03 -4.36480760527e-03  1.38310140873e-03  2.24185093031e-03 -2.07983261106e-03  2.33408963582e-03  9.28045528076e-04 -1.16364731982e-03  1.32548155146e-03  7.89700271408e-05  1.42888456214e-03  3.28361954869e-04 -1.42851940822e-03  2.33188309393e-03  4.21385947858e-04  2.60358725232e-03  5.34446946909e-04 -2.86087536953e-03 -4.50014500494e-04 -5.50770059074e-04 -1.81989345549e-03  2.76499115119e-03  1.00736917143e-03  8.15221924617e-04  3.86822822919e-03  3.80793912083e-03 -2.01863007363e-03 -7.23080329278e-04  1.20732098251e-03 -1.58157950496e-03  1.07586428837e-03 -6.43504817348e-04  2.69276752001e-04 -1.02500257940e-04 -1.23851099298e-04  1.22809320925e-03 -1.84516477963e-03 -5.38168584906e-04 -2.28973718671e-04 -2.39414822010e-03 -1.60002720948e-03 -3.65657922975e-03 -4.78996345091e-03 -6.19312101752e-04 -3.11288548245e-03  1.36051934229e-03 -1.03551434844e-03 -3.72632595390e-04  3.66830168041e-04  1.96758494316e-03  5.85373671913e-04  2.89764554329e-03  3.46075884397e-03 -1.33525259589e-03  1.07994051134e-03  3.15562425825e-03  1.10131798608e-03 -1.23924857782e-03 -5.32197459226e-04  1.16315656724e-03  2.34182769252e-03  1.61547350023e-03  3.71447357462e-03 -4.71650799556e-03  3.15999246837e-04 -3.37212300770e-03  1.11035151715e-03 -7.96548452463e-04  7.81572874780e-04 -3.99733589972e-03 -1.17362129976e-03  2.50052693338e-03  1.46202481717e-04  2.82054431754e-05 -3.03496439768e-03 -8.30914250054e-05  8.66833175080e-04  1.95244757950e-06  1.49190419800e-03  3.24751575038e-04  1.96735962913e-03 -3.51524852763e-03 -3.79467485293e-03  1.72215312989e-03 -1.07142450136e-03 -2.23456630723e-03  1.68955952147e-03 -1.81656901761e-03 -1.28349656804e-05 -9.95529448947e-04  3.60181018303e-03  9.36009378194e-04  2.20402926829e-03 -4.22778402385e-04 -3.04350940864e-04  6.64784216627e-04  4.97864976542e-04  1.40993955037e-03 -2.10565292411e-03  3.16516496624e-04  2.96914073084e-03  2.35188374234e-03 -3.14520033378e-03  2.53844287038e-03 -1.52904046497e-03 -2.85440249620e-04  5.62822973418e-04  1.04818332337e-03 -2.36742688003e-03 -2.68940640568e-03 -3.67601538291e-03 -2.40739102275e-04
-3.86868033673e-04  1.30824680729e-03 -2.65000849553e-03  3.09476339037e-03 -2.53378292198e-03  2.79757134433e-03  2.00667733217e-03 -1.55298245292e-03 -3.73747882911e-04  1.43962735174e-04 -9.92967484196e-04  2.17690885005e-03 -1.57101217315e-03 -3.79038863112e-03  1.03399304957e-01  3.34284465696e-03 -1.14268690691e-02  4.22050793587e-03 -2.55471987838e-03  1.53798228458e-03  4.28140645030e-03 -5.79045248660e-04 -1.09849772725e-03 -9.30831329569e-04 -2.13588727161e-03 -8.29828958529e-04  5.03614078676e-04 -3.02588166017e-04  2.54755777878e-03 -7.78351588001e-04 -4.48211634536e-03 -4.25022246262e-03  1.76613821105e-03  5.45016222089e-04  4.23512502283e-05  3.15090844745e-03 -4.29963640418e-03 -1.91442024141e-03 -3.89743570653e-03  2.92515262778e-03 -1.92244601759e-03 -8.73065378027e-04  7.10499260033e-05 -3.44846629121e-03  5.24140716714e-04 -1.96001417856e-04 -9.13825642497e-04 -7.18199561286e-04  2.13774932880e-03  2.48598954137e-03  4.33671854018e-03  2.18339911878e-03  9.05380643598e-04  8.26904904616e-04 -4.04741417954e-03  5.59877083099e-03  4.04881607326e-03 -3.53414924245e-03 -1.29591061688e-03  1.54819757371e-03 -2.95395021684e-03  9.71647372778e-05  3.11010397518e-04  1.02686990484e-03 -7.17134747452e-04  1.63227454634e-03  2.09358636520e-03 -1.08977934246e-03 -2.45346073328e-03  6.97439843510e-04 -2.23144188907e-03 -1.16913033050e-03 -1.22224403873e-03 -2.99019954069e-03  2.28878437900e-03 -1.42526561874e-03 -1.69469253338e-03 -3.14530054215e-03 -8.50173048683e-04  5.19599301241e-03  2.37223449816e-03  1.06897981932e-03 -2.01064924432e-03  2.80237575387e-04  1.69554913418e-03 -1.54199822824e-03  5.80336735759e-03  3.41022536875e-05  4.29430874775e-03  4.68135638830e-03  2.91697137861e-03  6.86168910584e-04 -4.55399639188e-03  5.75667702656e-03  5.35581303150e-04 -6.90551360597e-03  2.00339293504e-03  1.99753382871e-03  3.26509833026e-03  2.48470042600e-03 -1.06369753980e-03  1.69888673698e-03  7.01719379497e-04  3.69268060345e-04 -9.06400357483e-04 -1.54300721032e-03 -2.67425931639e-04 -1.47277837664e-03 -4.28545328214e-03  1.66149167452e-04  5.91787167129e-04  1.26575963823e-03  5.30238759167e-03  1.89668146333e-03 -6.10916534407e-04 -1.69848507252e-03  1.80521817091e-03  2.00569197202e-03  3.07830980350e-03 -9.02210444246e-04  8.88980369156e-04 -2.18459307394e-03 -9.91449926944e-05  8.03229633158e-04  1.74885317014e-03 -9.66531500758e-03 -2.86181987187e-03 -6.80202648585e-03
 4.81901857086e-03  5.55439048831e-04  1.55229205151e-03 -2.77829743784e-03  4.09666834183e-03 -3.59597627522e-03 -2.06083825447e-04 -2.29496855212e-03 -3.36648976609e-03 -3.90024736606e-03  2.62336978446e-03  2.26940975617e-03 -3.54973811005e-03 -1.92447497422e-02  3.34284465696e-03  8.07828826175e-02  5.42079926409e-03  2.36738005202e-03 -3.73124234807e-03  2.86522707758e-03  1.63318408518e-03  8.08471728753e-04 -2.07712544618e-04  1.71747803585e-03 -9.67266109551e-04 -6.17398100522e-04 -6.19682095999e-04 -1.42847445267e-03  3.04782045799e-04 -2.29607940067e-03  4.96822514881e-04  5.88997373559e-04 -4.44549415813e-03  3.21519122076e-03  5.22039440373e-04 -3.89263007401e-04  2.30156093613e-03 -3.81066778373e-03 -2.67061181886e-03 -4.07512829174e-05 -3.09869308561e-03 -1.88348610700e-03  3.59601786500e-04 -3.39187829490e-03 -2.93452865909e-04  4.26650897155e-03 -3.89234353363e-03 -1.14141055651e-03  2.52937691128e-03  1.20386661674e-03 -3.40393573788e-03 -5.89201315282e-03  1.75150601159e-03  9.79913757983e-04 -3.44387027439e-03  1.49835221312e-03 -1.54560070019e-03  3.46702907431e-03  3.57343688803e-03 -1.77184576520e-03  7.36361885585e-03  3.02487647261e-03  2.32495222462e-03 -2.82346262246e-04 -1.91841471864e-03 -2.30110329042e-03 -1.05676728162e-04 -3.21438696386e-03 -1.88524443118e-03 -2.21031516810e-03 -5.17719265892e-05 -3.23949219665e-03 -2.01397474816e-03  1.77800949430e-04  7.39889614296e-04  1.29131581869e-03 -2.50757590221e-03 -2.11506383621e-03 -2.53866845226e-03  2.50744173780e-03  2.64545632775e-03  6.65736756459e-04 -3.26574482587e-03  1.69788238042e-03 -3.52060635690e-03  3.55008386548e-03 -1.38834695186e-03 -3.27537621907e-03  3.35993737359e-03  2.45463976549e-03  3.25183821493e-03 -1.19328969904e-04 -6.84577631878e-04  5.80194258189e-04 -3.77381501879e-03 -8.63076872374e-04  5.71065956133e-04  3.13105044898e-03  2.45050727591e-03  1.01889316597e-03 -1.66568307531e-03  1.29717960441e-03 -2.00112682177e-03  3.60050719608e-03  4.87545038351e-03  2.62216414050e-03 -7.13965310873e-03 -1.96819713115e-03  4.57561444567e-04  2.53651025965e-03 -5.68788236412e-04  2.32993236868e-03 -7.39707336537e-04 -9.93092494621e-04  1.61462614769e-03  1.56617748219e-04 -1.32025138473e-04 -5.55715448764e-04  4.42515902231e-03 -1.05369194420e-03  7.75778433541e-04 -9.44532810751e-04 -2.45457965894e-04 -1.78841578580e-03  2.95768987204e-03  2.27930616653e-03  7.04021102669e-03  5.34101683004e-04
