 9.91958258911e-02 -6.63273164250e-03  9.02638126487e-03 -1.12293581124e-02 -2.85513129384e-03  8.00311068783e-04 -4.06057830048e-03  1.65587303930e-03  1.87863682358e-03 -9.11676945352e-04  2.85722141273e-03 -1.63730629002e-03  6.74874820379e-04  1.55161663899e-03 -2.58995816149e-03  2.85487705649e-03 -4.29236836691e-03 -5.53683337799e-04 -1.25765484377e-03  1.39588118577e-03 -2.80666045603e-03 -5.61538060543e-03 -1.22730843155e-04 -4.80073364963e-03 -1.86996712707e-03  6.26372687117e-04 -4.39033077911e-04 -4.49176238312e-04 -2.20432359540e-03  1.32151336726e-03 -1.97424984960e-03 -3.41361844875e-03 -3.11285507073e-03  3.38341163535e-03 -5.97540534516e-04 -2.25137523915e-03  3.24682772104e-03  4.08654236994e-03 -2.72548914492e-03  6.35802787031e-04 -2.86171616531e-03 -5.89425571591e-04 -1.15510679153e-03 -2.32204938114e-03  2.66707739779e-03  3.18896606754e-03  1.24506038498e-03  2.32030307716e-03 -5.33938374419e-05 -2.18508162272e-04 -6.12605314697e-03  4.80825601654e-03 -4.42018334488e-03 -1.36930160717e-04 -1.24059096546e-03  6.23242823697e-04  4.66380304553e-03  2.45968112637e-03  6.32268955404e-03 -5.99059332608e-04  1.24797777757e-03 -9.91779582263e-05 -7.58552112787e-04 -1.86540957840e-03  2.69300763470e-03 -1.59087439747e-03 -1.46681866250e-03  1.37673347661e-03 -2.49657924366e-04 -7.83799622545e-04 -2.33513183072e-03  2.41087521060e-03  1.31632449259e-03 -5.91434378554e-04 -2.36573818201e-03 -7.71143554533e-04  1.98358814514e-03  2.53132714113e-03 -2.33511645579e-03 -4.69979109434e-03 -2.82449166964e-03 -2.08876621690e-03 -8.67366515091e-04 -6.30435014183e-04 -2.53279611888e-03 -1.15307319089e-03 -1.26687831673e-03 -1.92235737383e-03 -9.20952024238e-05 -3.96669537980e-03  6.48154687909e-03 -1.91359153422e-04  3.16214411257e-04  3.34899067192e-05  2.25047439810e-03  3.47743059423e-03 -2.60593043154e-04  1.58663429719e-03  2.84191498790e-03  1.38671530689e-03 -8.89186862237e-04  6.70783415652e-04 -1.54830611123e-03 -2.66378508377e-03  1.97329858477e-03  2.67142782315e-03 -2.39846917413e-03 -1.23567076292e-04  6.06105777325e-04 -1.78076894316e-03 -1.77424864706e-04 -3.93761204281e-03  1.68433736852e-03  4.79335808222e-03  3.41689201185e-03  8.00526834742e-04 -1.29087079879e-03  6.35615457950e-04  1.66644656564e-03  7.30387734175e-04 -3.29123297618e-03  2.82323843336e-03  1.26538596463e-03 -1.15745682842e-03  1.17468132686e-04 -1.86804273235e-03  4.67590082365e-04  1.51102251117e-03
-6.63273164250e-03  9.10643952489e-02  1.49653535064e-02 -1.15737919829e-02  3.00089058362e-03  1.43623501891e-03  2.29037805163e-03 -7.99723997790e-04  2.34798994598e-03  1.14218382645e-04 -6.03765213504e-05  4.62925673543e-03 -3.67402538707e-03  1.47425493617e-03  3.78644031325e-03  1.55773268224e-04 -2.86740503037e-03  2.83868485800e-03 -2.04234814525e-04  2.14104239467e-03  8.41730405356e-04  1.08437717253e-05  9.73225550186e-04  1.63586203505e-03  2.59393936314e-03 -4.78740116562e-05 -2.94760249933e-03 -2.26598539308e-04 -1.79519816971e-03 -2.54643102288e-03  3.53664289688e-04  5.49720720929e-05  1.03079264475e-03 -4.20293593159e-03 -4.52279744691e-04 -1.64586931917e-03 -1.07861296382e-03 -1.75716174149e-03  1.12566248553e-03 -1.14326384102e-03 -2.92383096446e-03 -4.30134915731e-03 -5.21035380778e-03  1.22339827842e-03 -5.93558145746e-04 -1.97763257783e-03  2.35735330236e-03  1.17232728826e-03 -4.56993698652e-04 -3.95007899730e-04 -4.24553776527e-03 -1.59720858004e-03  1.53915315813e-04 -1.26601996603e-03 -1.17108308406e-03 -3.34251647284e-03  3.75023427491e-03  1.11546218654e-03  1.80845491987e-03  2.44139390796e-04 -2.44630410632e-03  3.19860427279e-04  2.72141201695e-04 -1.29369914897e-03  6.94453610576e-04  7.72677824745e-04 -9.36340743709e-04 -3.21640722118e-03 -9.01987562947e-04 -2.08166907356e-03 -2.95364045240e-03  2.27402050558e-03 -2.04802687278e-04  1.22111675678e-03  2.30603039321e-03 -2.62168140428e-03 -1.80843925656e-03  3.21281141138e-05 -6.87047084481e-05  2.68959202597e-04  3.32059582776e-04  7.61507959693e-04  2.09919782121e-03 -1.28527963597e-03  1.85056018463e-03  1.86353259244e-03  2.82470386174e-04  3.47566654714e-03 -2.78520785129e-03  5.25840807455e-04  3.30347957169e-03 -1.32404549039e-03 -2.24474269337e-03  8.00159418749e-05 -4.15530034106e-03 -5.29957681341e-03  5.83491399035e-05  2.21769308201e-03 -2.31025018926e-03  2.83255476481e-03  3.61874020853e-03 -1.67456548062e-03  1.14879759914e-03  2.24047920788e-04 -1.82188812090e-03 -1.15672247100e-03  1.40115723960e-03 -3.77703583119e-03  1.61302801750e-03  6.99279286102e-04 -7.28077557639e-04 -3.81161922612e-03  1.18541669081e-03  6.81042860717e-04  1.97330521921e-03  2.59426324410e-03 -1.33009630380e-03  1.50160325619e-03  2.97711919314e-03  1.19478269506e-03  3.63871452231e-04 -1.89910059163e-03 -3.03633128159e-03  1.13501905856e-03  1.77323420070e-04 -2.17556802719e-03  1.99249760191e-03  1.87948398485e-03
 9.02638126487e-03  1.49653535064e-02  6.94670941620e-02 -2.48601670730e-04 -1.00232912435e-02 -5.07110536680e-04 -2.71572918238e-04 -8.03006040608e-04  8.43510390097e-04 -9.78118775648e-04  1.06149140342e-04 -1.03381594099e-04 -1.33683142146e-03  3.44194774704e-03  7.71476293693e-04  4.75303592333e-04  2.92621734044e-03 -1.93279978141e-03 -3.64562084932e-04  2.03632773482e-03  3.50468437595e-03  1.71606721860e-03  2.27264136100e-03  2.82213615165e-03  1.43987286246e-03  3.17961954216e-04 -5.33828830879e-04 -1.38612908475e-03 -2.79575205564e-04  2.88270518176e-04 -3.59472226792e-03  5.75751864928e-05  2.18948598974e-05 -1.77177306336e-03  5.23462412069e-04 -4.11657105669e-03 -1.80948902378e-03  1.12399290026e-03 -2.07270412693e-03 -1.46722203237e-04 -2.43933336019e-03 -9.47824072593e-04 -6.57254284916e-04 -1.01723035938e-03  2.60618951134e-03 -2.54924959953e-03  3.53065359040e-03  1.88510710437e-03 -8.99834426975e-04  9.44403691620e-05 -5.12232171570e-03 -7.70492095388e-04  2.56469732566e-03  9.69720353918e-04  1.39684229449e-03 -6.98577992137e-04  2.26570494150e-03  2.88109008076e-03  1.24070240662e-03 -1.11577139754e-03  7.29750356024e-04  3.73242838467e-04  7.51508308213e-04  1.24127531439e-03 -1.67504791722e-03  3.37590903272e-03 -9.06278887950e-04 -5.71767337657e-04 -1.11124207372e-03  1.99221933278e-03 -1.97216981768e-03  2.09257310027e-03  2.90237455394e-03 -1.83438659181e-04 -7.83670911866e-04 -2.19049187603e-03 -1.42394297199e-03  2.11978873406e-03 -4.97798817309e-04  1.48517350432e-03  1.16961314347e-03  2.62311351592e-03 -4.28957042640e-04  3.23924228359e-04 -2.08927103981e-03  3.62635848883e-03 -1.47629322411e-03  1.61435781904e-03 -1.54855914075e-03  4.92764437395e-04  3.01945370037e-03  1.91220361693e-04  5.01772529113e-04 -2.36582018672e-04 -1.94638455104e-03  2.23418027940e-05 -1.19871218936e-03  1.91307152200e-03 -2.68848435335e-03  8.11646852672e-04  1.48724221301e-03  1.69548191432e-04  2.32684257976e-03  8.31474938386e-04 -7.17541542297e-04  1.63731226842e-03  1.37686734865e-03  5.17352232169e-05  8.94910081295e-05 -7.63650357289e-04  2.27462715412e-03 -2.88751457510e-03 -3.59538271454e-04  2.08760834267e-03  2.25492324490e-03  1.16621817326e-03  2.81294711167e-03  1.41556625790e-04  1.07978650072e-03  8.29788612768e-04 -1.26477795741e-03 -2.47750137746e-03 -1.12905382581e-03  7.26020540560e-04  1.18053417177e-03 -1.71255585278e-03  3.44718786038e-03  2.32190314899e-03
-1.12293581124e-02 -1.15737919829e-02 -2.48601670730e-04  6.30843562638e-02  6.29093158398e-04 -4.37079039919e-03 -3.09459424319e-03 -6.52390493232e-04 -7.02180820853e-05 -1.97037737912e-03 -1.76777250761e-04  1.33981831759e-03 -1.36797582139e-04 -1.79601476355e-03  1.48190657562e-03  1.98053531113e-03  1.58200758049e-03 -2.52611611171e-03  1.26675157636e-04  1.33130684142e-03 -1.46894234645e-03 -1.04482778275e-03 -8.34837145787e-04 -9.64939031243e-04 -2.55588711519e-03 -9.52974959975e-04 -3.71867017493e-04 -1.42706853649e-03 -2.40334651353e-03  9.01719337725e-05  3.38938039775e-04  9.61489834753e-05 -1.63833538559e-03  6.41838645192e-04  4.70643147354e-04 -8.17204226735e-04 -1.02926312033e-03  1.25396473432e-04 -5.71243696281e-04  2.45402479988e-04 -1.42462346301e-03  1.15269918182e-03  2.99399037247e-03  2.61073422857e-05 -1.68765419222e-03 -6.20802208942e-04  1.05967628894e-03 -3.01356480774e-03  9.54998312877e-04  4.94207632147e-04  1.21034335121e-03 -1.36104165155e-03  7.29472413880e-04  6.99225513867e-04  1.06798593667e-05  7.41195914754e-04 -1.22781246438e-03 -1.80462865698e-03 -2.85486374097e-03 -1.72646647191e-03  1.29235898537e-03  2.95045949062e-03  1.39495170922e-03  8.01364306099e-05 -6.95035473117e-04  4.83347591311e-04 -1.21628960279e-03  3.37695639333e-04 -2.74056007722e-04 -2.21255174185e-03  9.36838263929e-04 -7.28210752820e-04  2.84440135928e-03  5.08328753730e-04 -1.58941496981e-03  5.22459751070e-04  1.38522274249e-03  2.78071277037e-03 -1.98109466413e-03  1.79359373236e-03 -1.42341562667e-03 -1.99385257534e-03 -1.03610457969e-04  1.75734961864e-04 -8.95319686821e-04 -1.78564821685e-03 -1.81280161529e-03 -3.63582496905e-04 -1.95584420783e-03  1.20000177726e-03 -4.05572169805e-03  1.48935210891e-03  1.35778165343e-03 -4.26381720592e-04 -9.91833010347e-04 -6.69468357338e-04 -9.14413759106e-05 -4.37894055350e-04  1.87281456178e-03  2.61249656421e-03  1.21913120799e-03 -4.66011964748e-04 -8.30436060600e-04  1.30451952064e-03  3.40412730654e-04  2.98911131904e-04  4.17380189529e-03  2.91190416087e-03 -2.41124407910e-03  1.07714064482e-03  2.51926482322e-03  1.89314065616e-03 -1.63402477103e-03 -3.04829207230e-03  3.94056398180e-04 -2.60189712034e-03  2.41222228334e-03  1.22582017060e-03 -9.90793335217e-04  3.14602468459e-03  7.74595850702e-04 -1.56647653962e-04 -5.16815541549e-04  1.83689440868e-03  1.38113384381e-03  1.86348807429e-03 -6.09237358088e-04 -3.70483396308e-04
-2.85513129384e-03  3.00089058362e-03 -1.00232912435e-02  6.29093158398e-04  9.18220434116e-02  2.71273509018e-03 -6.64486763542e-04 -1.21527790524e-03 -3.33423632418e-03 -4.24963174323e-03 -5.82486616800e-04  4.52778388270e-04 -3.61782847444e-03  7.44134358887e-04 -3.62045933757e-04 -3.57749144210e-04 -2.84769835310e-03 -2.46915424506e-04  1.06391575021e-03  1.00864349872e-03 -3.23281507726e-03  2.69098210739e-04 -1.26333136986e-03  1.56937632164e-03 -1.51709166737e-03 -4.88610533897e-03  2.64554409662e-03 -1.69327061673e-03 -2.44484832033e-03  1.56724267238e-03  2.18446429244e-03 -1.85239794017e-03 -1.43116466708e-03 -6.36397867504e-04  2.64834393470e-03  1.58646557278e-03  6.04225774532e-03  1.16883168713e-03  3.76694209016e-03 -5.07127224165e-04  2.74694386575e-03 -5.54135096889e-03  4.64282282952e-04 -1.66219625387e-03 -1.94416260301e-03  1.63284265068e-03  4.97053305250e-04 -6.14396245138e-04 -6.70367058266e-04 -7.11350491462e-04  5.32206855542e-03  9.68514344235e-04 -4.05705830688e-03 -8.70328676081e-04 -2.83620584044e-03 -3.90089476519e-04 -1.49701877964e-04 -3.81901879261e-03  4.53657534260e-04 -2.05622877212e-03 -2.32659572532e-03 -1.65788338577e-03  6.95174360244e-04  1.46329107250e-03  1.65662837250e-03 -5.33639003632e-03  7.00631976354e-04 -1.91268505124e-03 -5.50346851031e-03 -1.55519436465e-03 -1.32627308211e-03 -1.11368787291e-03 -2.20511633633e-04  1.18322516971e-03 -3.30005580506e-04  4.64613209340e-04 -1.25551399049e-03  2.06264324595e-03 -6.33659799850e-05  2.75955720279e-03 -8.41433038963e-04 -4.62385962296e-03  5.61420874263e-04  3.10363439645e-03  4.05185881053e-03 -4.37830738659e-03  9.93792580520e-05 -2.70178910535e-03 -2.06989156952e-04 -2.71065372366e-03  6.28474017269e-04  1.57718357989e-03 -1.56617431305e-03 -3.11531027873e-03  3.88429899427e-03  1.68815152070e-03 -1.26453557513e-03 -6.03781883204e-04  5.71578482300e-03  7.79120864725e-04 -1.39529426873e-03 -6.39901385396e-04  2.18321709067e-03  3.99670349509e-04 -3.46065508548e-03  5.31305658559e-04  3.92377816792e-03 -4.17565106501e-03  2.03184680626e-05 -4.61385664748e-04  3.38691967215e-03 -4.38853148489e-03 -1.77433138710e-04  1.65891823567e-03  2.41638623840e-03  6.38365692591e-03 -6.51892251100e-04  1.58011532795e-04  1.03198419087e-03 -2.41374045145e-03  2.94740514100e-03  6.49854214743e-04  1.59733556834e-03  1.51096008085e-03  1.28234210939e-03 -5.39682832421e-04 -2.38779462177e-03  1.87004024549e-03
 8.00311068783e-04  1.43623501891e-03 -5.07110536680e-04 -4.37079039919e-03  2.71273509018e-03  7.12304295544e-02 -6.24431300040e-03  9.75943385468e-04  5.05318141851e-03 -1.11577433988e-03  8.98616789033e-04 -3.33055169934e-03  1.18412699512e-03  7.25127323698e-04 -5.87076833969e-04  3.20190473766e-03 -3.00826323673e-03 -1.53415440379e-03  1.28816279158e-03 -8.25446594275e-04 -5.69207571207e-04 -4.48610436094e-04  4.00643875572e-04  3.61195995418e-04  2.85848365831e-03 -1.65186299278e-03  2.50681612204e-04 -1.96158371511e-03  1.92811564377e-03 -1.11047041669e-03  1.80395352947e-03  3.03509717563e-04 -3.98514433334e-03  7.16092598495e-04  1.53796429709e-03 -1.34010830888e-03  2.08565748954e-03  1.97335751094e-03  9.93948670946e-04  1.80243172728e-03  8.70283899342e-04 -4.51427953161e-04  9.83553465326e-04  1.19670860405e-03 -2.28984525366e-03  1.10687180753e-03  6.57014645789e-04  4.38637859599e-03 -1.47587496163e-03 -2.18866954139e-04  1.95917010140e-03  2.11143779143e-03 -2.43409426262e-03  8.20102933246e-04 -2.34152999083e-03  4.13265367511e-04 -8.79335839866e-04 -2.52535689061e-03  1.17958796130e-03 -4.62043982234e-03  1.05360318485e-04  7.06366678803e-04 -3.08266807518e-03 -5.12729213200e-03  3.45478367403e-03 -2.24711393005e-03  8.34378451043e-04  2.35531927791e-03 -7.32500416080e-04  4.34880431535e-04 -3.50829172063e-03  1.68926491074e-03 -1.00402717052e-03 -2.73896458249e-03  6.78920960493e-04 -1.96384546184e-03 -4.55728146627e-04  3.25586902892e-04  1.11612941998e-03  4.94841381317e-04  9.68675026667e-04  1.12221921920e-03  7.85772269237e-04 -2.46494930437e-03  2.48179440091e-04 -2.61971732352e-03 -1.77543832181e-04  3.31750993172e-03  2.61215391092e-04  1.04500312550e-03 -1.90509655873e-03  1.14305156950e-04 -9.32031328314e-05 -2.67910212840e-04  4.00527121961e-04 -4.92382426884e-05 -9.65753544821e-04  2.89470045376e-03  3.05142672115e-03 -3.39432554511e-03 -1.05045754133e-03 -1.69272407809e-03 -5.44887250621e-04  1.75133173900e-03 -1.02233659186e-03 -3.87098257515e-04 -4.32404160571e-03  7.26971351309e-04 -1.36892427134e-03  3.39543111756e-04  3.94756067307e-04 -2.37638106926e-03 -3.07915559812e-04  2.29109055795e-03 -1.17148076798e-03  2.69814935222e-03 -2.45406845225e-03 -2.35777146072e-03 -3.28541122519e-03  1.40582918046e-04  1.35884632873e-03  1.11011344533e-03  1.12314193609e-04 -1.13531691870e-03  9.16300543605e-04  2.48013956859e-03  3.14585844718e-04 -1.20923393336e-03
-4.06057830048e-03  2.29037805163e-03 -2.71572918238e-04 -3.09459424319e-03 -6.64486763542e-04 -6.24431300040e-03  1.01884711281e-01 -1.78712335211e-02  4.31700754116e-03 -1.19587973733e-04  2.24106171152e-03  3.14049954257e-03 -3.24406400197e-03  8.74566258725e-05  2.48323570220e-03 -9.12133578111e-04  1.49550412415e-03  1.77811621509e-03 -9.22929479350e-04 -8.77262657693e-04 -8.49650179011e-05 -1.00075603639e-04  2.01166943545e-03  1.21429041779e-03 -1.30434864123e-03  3.21065761545e-03 -1.17778976565e-03 -2.18188814909e-03 -1.17707130640e-03 -4.79480821247e-03 -1.12676849321e-03  4.78490214030e-03  5.03965644281e-04  2.72032895966e-03  2.31096462636e-03  7.28164915159e-04 -5.94744607478e-03  1.78945748627e-03 -3.75434125290e-04  1.42148204915e-03  4.98286164085e-03  1.79430880531e-04 -2.50796246875e-04 -3.55220950695e-04 -3.45683835836e-03  4.81298697536e-03 -1.50187108789e-03  5.77735935971e-03 -1.91770479190e-03  7.92230136873e-04  7.60058945858e-04 -4.47070117605e-04  2.64107382142e-03  1.36171012308e-03  3.57989195650e-03  5.35896195739e-04  3.09953384668e-03  4.46341945883e-03 -2.67820200686e-03  5.09501115285e-04  9.81323128422e-04 -5.00894067449e-03  1.29210522765e-03  4.30672404410e-04  3.68156724265e-03 -2.92850658677e-04 -7.14247235636e-04  1.50599040273e-04 -1.75528898655e-04 -2.19253246984e-04  7.15225213091e-03  1.42072450551e-03 -1.46292525665e-03  2.12025599985e-05  5.33637851133e-04  1.57197781500e-03 -2.84121947402e-03 -1.05419787558e-03 -1.28434754292e-04 -6.29808339804e-04 -4.32572934403e-03 -4.77428578575e-03  2.10719519320e-03 -4.42779325237e-03 -3.42128410165e-03  8.99630340580e-03 -3.48192139853e-03 -1.40116287088e-03  2.53099375934e-03  1.63403362909e-04 -4.75585942155e-03 -1.21126744092e-03 -2.05468091911e-03  3.61057686241e-04 -2.10906678732e-03 -2.54367229639e-03  3.00426712035e-03  1.65623230809e-03 -2.16441760568e-03 -5.22022788420e-03 -4.30489523253e-04  1.14350763318e-03 -2.46152733300e-03 -3.20756791241e-04 -1.71064524277e-03 -2.41810648389e-03  2.86557699023e-03 -3.70313715876e-04  1.37528953022e-03  8.08139243479e-04 -1.96165728128e-03  1.00526439277e-03  1.06113342238e-03  3.50472659068e-05  1.75812963185e-03 -1.18956406061e-03  1.82768001791e-03  1.82214792011e-03  1.85214471848e-03 -8.03330936045e-05  7.23538827986e-04 -5.26861049037e-04  1.21901772498e-03 -2.93917996142e-03 -3.23054758198e-03 -2.50132333370e-03  1.51319935740e-03  2.51823506030e-04
 1.65587303930e-03 -7.99723997790e-04 -8.03006040608e-04 -6.52390493232e-04 -1.21527790524e-03  9.75943385468e-04 -1.78712335211e-02  7.15322475902e-02 -5.08190080705e-03 -1.06575942050e-02 -2.61993846068e-03 -1.55842075509e-03 -3.21825470190e-03 -1.19030165169e-03 -7.33615995191e-04  4.64428580714e-03  6.09637810658e-04  2.43223109956e-04 -2.55007184527e-03 -6.04449717767e-04  8.10818651341e-04 -1.85273307998e-03 -3.22372953405e-03 -1.23285823967e-03  2.96153394590e-05  1.82865574842e-04  4.60646882628e-04  1.31321487661e-04  1.96163288813e-03  1.25020254799e-03  3.34055060828e-04 -1.81742160550e-03  1.80678199311e-03 -2.48459475951e-03  1.25109156825e-04 -4.56361335372e-04  8.53433479154e-04 -7.65379336367e-04 -2.36324829461e-04  2.15247800305e-03 -9.72322295497e-04 -3.15802882923e-04 -6.09418156205e-04 -5.78539904180e-04 -1.72123307849e-03  4.20487315960e-04 -2.48520001097e-03 -2.65592917969e-03  1.41984868574e-03 -1.12565370908e-03  2.56846083677e-04  1.11884854574e-03  1.94434613714e-03 -8.64844394018e-04 -1.39206607774e-03  4.65514522607e-05 -2.16616859734e-03 -1.32925428922e-03 -2.96101385626e-04  3.01277288251e-03 -5.24272036076e-04 -1.30654442180e-03 -2.30048448846e-03  6.98065164886e-05 -2.58066803681e-03 -2.67072327779e-04  1.98226550274e-04  3.18032593511e-03 -3.99321663377e-04 -2.75369608673e-03 -6.11373808422e-03 -5.23393046200e-04 -1.32094881463e-03 -2.55835974890e-04  1.11057478479e-03  4.82721281167e-04 -2.34899466590e-03 -1.36623685228e-03  5.23978218864e-04  9.91869790057e-04 -5.69544053282e-04  2.56180330194e-03 -3.88179868994e-03  2.24758944253e-03  4.48151891605e-03 -4.38809964379e-03  5.84706068523e-03  2.97675583489e-04 -7.68944426039e-04  7.64335893763e-04 -4.17645528349e-03 -7.32437507959e-04  5.96663512228e-04  6.98584969498e-04  1.62882477565e-03  3.00889236792e-03  1.14138511190e-03 -6.72247873612e-04 -1.89462529603e-03  5.21396685238e-04 -1.61924823627e-03 -7.06205071648e-04 -5.20696126825e-04  8.56719036415e-04  5.46209194680e-03 -3.55693750024e-03 -2.77143320685e-03 -2.24397760829e-05  1.10939786470e-03  1.45512593321e-03  1.77027900811e-03  4.43883746004e-04 -1.08150099815e-03 -5.63316313966e-04 -1.10833264492e-03 -2.99598783928e-03 -1.54199535023e-03 -1.11008906058e-03 -2.10127476702e-03 -2.62303714647e-03  5.99433976985e-04 -2.67800192828e-03  6.30677750767e-04  1.89712027120e-03  2.11005495156e-03 -9.40054120070e-04 -2.97311319043e-03 -1.22763237356e-04
 1.87863682358e-03  2.34798994598e-03  8.43510390097e-04 -7.02180820853e-05 -3.33423632418e-03  5.05318141851e-03  4.31700754116e-03 -5.08190080705e-03  8.41377549790e-02 -1.74594289977e-02  1.27145344285e-02  5.22232071974e-03 -4.90176847642e-04  1.42412762755e-03 -1.51204186823e-03 -1.20096355012e-03  1.41211457714e-03  1.04713460755e-03 -1.24877653061e-03 -2.67059592495e-04  1.90332441426e-03 -1.71855849803e-04  2.65171818998e-03 -3.51331073059e-03 -1.66551555548e-04  3.19895866293e-03 -2.66683211922e-05 -3.12876144477e-03 -2.35295344746e-03 -2.65620337797e-03  2.86926681441e-04  3.38811961505e-03  1.31229276428e-03 -2.36219230151e-03  1.23167969586e-03 -3.65506573647e-03 -3.72543765627e-04  2.12344652764e-03 -2.71016677229e-03 -1.32737993924e-03 -1.37247429333e-03  2.34175006239e-03 -1.71114048909e-03 -1.07246603109e-03  2.86613154606e-03 -2.12418188287e-03 -4.41086049428e-04  5.63730479947e-03 -2.54949761646e-03  1.99552681447e-04  2.12683246837e-04 -5.97822288808e-04  2.19592059818e-03 -5.01469038781e-04  1.17276907883e-03  9.77969978223e-04  1.27475008096e-03  6.23826150937e-04 -3.10568782649e-03 -2.54876752722e-03 -1.77619444882e-03  1.50737110286e-03  3.24263589735e-05 -7.14956886914e-04 -5.30787523491e-04  1.70873979453e-03 -1.69409579268e-03  1.35324439327e-03  9.60070329395e-04  1.42896808829e-03 -3.08329176419e-03  2.97825943046e-03  2.86203657341e-03  4.11568914458e-04 -2.23225758493e-04  7.81885635943e-04 -1.25924380647e-03  1.87777878395e-03 -1.80771939078e-03  3.26679948942e-03  2.94998510971e-03  3.73798099000e-03  2.97063478253e-03 -1.59699437908e-03  5.73185851713e-04 -8.03340295341e-04 -2.11181292218e-03  2.43900250115e-03  1.94950005165e-03  2.28356946621e-03  2.50633497648e-04 -1.87322866377e-04  4.54546632799e-03 -1.01249110293e-03 -2.66020549745e-03 -1.42749077528e-03  3.07937884666e-03  1.45002292563e-03  8.03332600936e-05 -4.29830356777e-04 -3.45784889292e-03 -1.52494085781e-04 -1.74141678216e-05 -2.02215868652e-03 -2.13160289243e-03  1.75876609334e-03  2.88381447582e-03  8.57398021549e-04 -3.38127935635e-03  1.70423006650e-03  7.79142486345e-04 -1.17589108048e-03  8.86552469347e-04  5.67833128370e-03 -6.61761639332e-04  3.60705158632e-03  7.55211091247e-04 -3.87840683407e-03 -1.45743245169e-04  6.79989825892e-04 -2.41012836812e-05  7.25900123118e-04  4.35933350361e-03 -4.91699704641e-04  1.03239285080e-03 -1.41713177823e-03  3.37329918122e-03 -4.07814506565e-04
-9.11676945352e-04  1.14218382645e-04 -9.78118775648e-04 -1.97037737912e-03 -4.24963174323e-03 -1.11577433988e-03 -1.19587973733e-04 -1.06575942050e-02 -1.74594289977e-02  8.56764757172e-02 -1.09687132335e-02  1.45657205267e-03  8.23586604773e-03  9.85371276264e-04 -6.79009509734e-04 -1.73604395120e-03 -1.46193652726e-04 -3.96632388320e-04  1.55617160464e-03  3.87191488462e-03 -2.19993426274e-04 -5.40320702944e-04  1.94271296794e-03 -6.55705198121e-05  2.32211928245e-03 -2.11602563074e-03  2.60766888702e-03  1.31042011522e-03  8.93372085605e-04 -8.46421433667e-04 -1.37808686687e-04 -1.42221845869e-03  7.95057707999e-04  1.76151053406e-03 -2.14871480053e-03  2.59233746650e-03 -3.95117548756e-04 -1.21242042383e-03  1.02453519643e-03 -1.18944194612e-03  1.02319603949e-03  3.41733272623e-04  8.45694603163e-04  1.17918003629e-03 -1.36959247910e-03 -4.26375190333e-03  2.93437033768e-03  1.26471016946e-03 -9.67813809927e-04 -3.77385068665e-05 -9.77071689409e-04 -2.37510307673e-03  1.88383121081e-03 -7.68161498252e-04  5.83381661779e-04 -1.64840830304e-03  1.41638195471e-03  2.19991309679e-04  4.31889722836e-03  2.38835553334e-03  8.30417909529e-04 -1.18163814807e-03 -1.75669819766e-03 -2.64442625239e-05  1.11852808810e-03 -2.03702473029e-03 -2.88771897719e-04 -1.42890752117e-03  2.75181586191e-03  1.64625718087e-03  4.34410666585e-03 -3.39292908605e-03 -2.68199465004e-04  1.60266076356e-03  4.25016036531e-03 -4.23865839902e-03  5.13596632756e-04 -1.07276439448e-03  4.39556442742e-03  1.11128593905e-03 -4.52375778594e-04 -2.16203764942e-03  7.86155668612e-04 -2.52956229209e-03 -1.47823632298e-03 -5.68858120693e-04  1.49645001825e-03  3.63875071844e-04  1.69109947812e-03 -9.26694662614e-04  9.46512117385e-04 -1.39439135705e-04 -3.14513738508e-04  2.20205710699e-03 -1.78637085606e-03 -4.48197843808e-04 -1.50533359870e-03 -1.77066823152e-03 -4.82355945482e-03  1.13744483704e-03  2.36591077701e-03  2.21936108145e-03  2.54688640919e-04  7.05960370465e-04  3.79114531493e-03  2.80292111730e-03 -2.27833690051e-03 -3.05803812658e-04  1.55491041576e-03 -3.32074533726e-03 -7.80847738549e-04 -3.52328641353e-03  8.54483282484e-04 -9.59983608847e-05 -2.69370388701e-04 -4.25698333738e-03  1.85789066208e-03  2.91971649018e-03 -1.74107210955e-03 -9.38117976345e-04  3.77525019724e-04  3.22952572554e-03 -1.86704113817e-03 -2.15256187364e-03 -3.58460409469e-03  1.15372881057e-03  4.22965957662e-03  3.15274199294e-03
 2.85722141273e-03 -6.03765213504e-05  1.06149140342e-04 -1.76777250761e-04 -5.82486616800e-04  8.98616789033e-04  2.24106171152e-03 -2.61993846068e-03  1.27145344285e-02 -1.09687132335e-02  5.44936641875e-02  7.62979517543e-03  8.23713042770e-03 -1.37449320474e-03 -1.46369527494e-03  2.37188960184e-04 -1.57677296112e-05  1.90882246855e-03 -3.23948674035e-04 -6.41786841687e-04  7.68350332223e-04 -3.58014834444e-04  2.52928423063e-03  5.14326658561e-04 -1.47220426505e-04  1.01841340214e-03 -3.20625189087e-04 -1.50064072880e-03 -2.02457630192e-03 -1.41958377349e-03 -4.80797887766e-04  1.67527731699e-03 -1.60621535544e-03 -2.67939563045e-03  3.41217341029e-03  4.04417266143e-04  1.89198942921e-03  1.82008098743e-03  5.45866809611e-05  1.58718563407e-03 -3.73869255126e-04  2.23940884759e-03 -1.03072004604e-03 -1.11154932333e-03  2.11838039102e-03  2.71573993476e-03 -5.56728606818e-04  2.57227874627e-03 -3.35710062107e-04 -4.61859432241e-04  9.35066958171e-04  1.22434186759e-04  5.40698146017e-04  7.34298649012e-04  8.40066465748e-04 -2.75951906326e-04  2.00566657493e-04 -6.30854248640e-04 -2.27651799528e-03 -1.72575116807e-03 -1.48298969012e-03  1.83685208662e-03  2.12041470279e-03  1.92954253786e-04 -1.53032545044e-03  2.28472793936e-03  3.29011403686e-05  2.62616032586e-04 -7.67248745273e-04  3.00606944208e-03 -8.89606406249e-04  2.24985442110e-03  9.77754063691e-04 -1.37811395145e-03 -2.63651780077e-04  3.90847650017e-04  5.71245755460e-04  1.51497498585e-03 -1.11479706035e-03  2.21995269914e-03 -1.49512303300e-04 -4.47517763056e-04  9.79770142291e-04 -8.29695399184e-04 -2.42568855233e-03  1.46960399590e-03 -2.13860720308e-03 -1.23369920735e-03  3.00902264574e-04 -1.40862998101e-03  2.46760814728e-03  1.45067762508e-03  6.72387152547e-05 -6.53203862740e-04 -1.36340207884e-03 -1.80723884388e-03  3.12258880438e-04  1.38692638385e-03  6.79882714358e-04 -1.76447059106e-04 -2.51359944153e-07 -9.96774044190e-05 -1.39026396891e-03 -8.55071101441e-04 -1.37563153787e-03  3.08129808284e-03 -1.89214305074e-03 -4.14946326749e-04 -2.16978623432e-03  2.39093734226e-03 -7.26155047021e-05  3.56466225028e-04 -1.25321283070e-03 -5.08329663554e-04  5.13245246629e-04  1.14418839581e-03 -1.51682652625e-04 -1.42282500682e-03  1.99534357887e-03 -1.70235396214e-03  1.37952019500e-03  1.60338922979e-03  1.45502315133e-03 -2.44697682002e-03  1.78652745040e-03  1.73330340888e-03  3.81951471960e-03 -1.03703752625e-03
-1.63730629002e-03  4.62925673543e-03 -1.03381594099e-04  1.33981831759e-03  4.52778388270e-04 -3.33055169934e-03  3.14049954257e-03 -1.55842075509e-03  5.22232071974e-03  1.45657205267e-03  7.62979517543e-03  1.13332202960e-01 -1.17814329653e-02  1.14715850269e-02  3.44690114335e-03  1.37188457441e-03 -5.98933038266e-03 -1.06819355838e-03 -8.23208677133e-04  1.31709396505e-03  6.51027408684e-04  2.57449918007e-03  1.28029359810e-03  4.86505901496e-04  1.81876553723e-03 -2.83432270796e-03 -2.52953029916e-03 -6.78158954561e-05 -2.25619746407e-03  2.00381277239e-03  2.21938647670e-03  1.68235031195e-03  7.24601718258e-04 -1.69445726395e-03 -1.32371711289e-04  2.32958814113e-04  7.60573407145e-03  4.54595013472e-04 -9.66176691589e-04  1.72927604072e-03 -3.10910746834e-03  1.09819108061e-04 -2.65166676794e-03 -3.83574350615e-03 -8.36439998627e-04  2.87993785355e-03  1.11364579807e-04  1.27830116291e-03 -2.64848594323e-04  1.45439030038e-04  4.67152928211e-04  4.00875587045e-03  1.76517075360e-03 -6.81339202420e-05  2.93608269547e-04 -5.59836350001e-03  9.79803423287e-04 -5.67322637948e-04 -6.95263734913e-06  1.35362098645e-03  7.08572439774e-04 -1.38611437699e-03  2.79870241897e-03  4.30713878412e-03 -9.60852972634e-04  3.70244537085e-03  1.57296669187e-03  2.84081506289e-03 -1.02616078175e-03 -3.68863492211e-03  2.26269417424e-03  9.10493423364e-04  5.62548960200e-05  1.94146149192e-03  3.31287226987e-03  4.47520180087e-03 -4.69672332758e-03  5.98822837331e-03  1.12635629154e-03  4.76945233991e-03 -1.32595610865e-03 -4.14482490411e-03  2.24434991600e-03 -8.65259094224e-04 -3.93803651671e-03  3.34694432077e-03  3.46163497987e-03  2.53023557363e-03  4.24503545366e-03  2.67316124787e-03 -5.65388781161e-03 -1.11492678524e-03  1.86744955627e-03  1.97716221080e-03 -4.44388763986e-03 -8.67194460140e-05  8.18353755741e-03 -4.21533921771e-04 -2.26573957883e-03 -3.99559581833e-05  1.41241293243e-04  1.39448418718e-03  1.48578221378e-03 -7.26168667399e-04 -3.85200711853e-04 -1.62262866164e-03 -2.07917694095e-03  2.17366669651e-03 -3.72573458510e-03  4.45954790784e-03  4.73737264838e-04 -2.41507987498e-03 -5.62033138873e-04  3.25450854472e-03  2.99139606682e-03  1.83960091202e-03  4.48622315002e-03  1.26872943926e-03  3.57008010447e-03 -1.02605721964e-03 -1.11798911049e-03  3.04952952901e-03 -1.36828323066e-03 -1.70741694893e-03 -2.57389951130e-03 -1.60803322281e-03  7.02958629190e-03  3.63892100844e-03
 6.74874820379e-04 -3.67402538707e-03 -1.33683142146e-03 -1.36797582139e-04 -3.61782847444e-03  1.18412699512e-03 -3.24406400197e-03 -3.21825470190e-03 -4.90176847642e-04  8.23586604773e-03  8.23713042770e-03 -1.17814329653e-02  7.25640403052e-02  8.58431261649e-04 -9.46341646673e-03 -2.06996582744e-03  2.75244473736e-03  2.29897646219e-03  2.63408806119e-04 -1.74128187725e-03  7.22340829824e-04 -2.21134180010e-03  8.11311058638e-04 -2.37537629533e-03  1.22955013196e-03 -6.23840334369e-04  2.23970701699e-03 -2.49763596674e-03  8.36981505341e-04  2.24254853356e-03 -2.76667358147e-04 -6.74798687809e-04 -1.16117337321e-03 -6.11643360006e-04  8.16714395612e-04  1.04490673977e-03 -4.88409065264e-04 -2.17849237591e-03  3.01227726046e-03  8.67518273475e-04 -2.81673955972e-03 -1.53260843373e-03 -2.19999072116e-03 -4.82801621916e-04  2.71754817519e-03  8.44804293525e-04 -6.78802203689e-04  2.04253636285e-03 -5.31692642764e-05  7.02051002662e-04  1.43566699996e-04 -2.47445662234e-03  2.45986893601e-04  8.71964192768e-04 -1.66810657102e-03  4.62878158084e-04 -6.21420009075e-04 -1.74414976234e-03 -1.37417706919e-03  1.77541801693e-03 -3.32210839446e-05  2.03193030341e-03 -1.63156197221e-03 -1.89251912825e-03 -1.89017668074e-04 -3.41289713484e-03 -1.90517305909e-03 -7.68925542513e-04  6.31611089350e-04  4.94375699797e-03  2.28967562898e-03  2.17906057520e-03  1.45450325659e-03 -1.93812387124e-03  5.65568885288e-05  1.29766409461e-03  1.78599789736e-03 -4.07716438266e-04  2.29339265966e-03 -1.41819689092e-03  1.64330631299e-03  2.86591147303e-03 -7.25575855190e-04 -1.64425023347e-03  5.48267674476e-04  6.95034476747e-04 -2.34321091990e-03 -3.84288628808e-03  6.75001885378e-04 -3.92382370777e-03  3.44739638272e-03 -8.28678565498e-04  3.76219067590e-05  6.22800680627e-04  2.24412104505e-04 -1.15683550058e-04 -3.12759733390e-05 -1.15304683270e-03 -3.49859346838e-03  1.62842611405e-03 -2.53186217775e-03  1.26827166182e-04 -8.93629126627e-04 -1.71878182792e-03  1.60599453924e-03  4.29501282486e-04 -7.37913262155e-04 -1.06739297603e-03  3.00810604035e-04 -3.43270493193e-03 -8.68051829965e-06 -9.98411822082e-04 -1.98419543390e-04  2.30494499862e-03  5.98500439911e-04 -1.32687365918e-03 -8.01634951683e-04  1.99333447266e-03 -1.33317239198e-03 -1.25186331155e-03  2.13318160172e-03  3.01867311689e-03 -8.33888590310e-04 -7.82258112628e-04 -5.37605064459e-04  2.97763650968e-03 -1.92850827282e-03 -1.11254112593e-03
 1.55161663899e-03  1.47425493617e-03  3.44194774704e-03 -1.79601476355e-03  7.44134358887e-04  7.25127323698e-04  8.74566258725e-05 -1.19030165169e-03  1.42412762755e-03  9.85371276264e-04 -1.37449320474e-03  1.14715850269e-02  8.58431261649e-04  7.14531792235e-02 -4.06429703964e-03  2.35032410994e-03  1.43803868420e-03  6.40493260875e-04 -9.78299139209e-04  1.31111779781e-03 -8.80342403581e-06  3.16192042613e-04  1.12941167966e-04 -1.53009991368e-04  8.94993038487e-04  1.29326227577e-03  6.12087172640e-04 -1.82266344504e-03  8.20761127853e-05  3.16221987521e-03  2.66479964005e-03  8.33822933074e-04  2.57485284958e-04  1.58116174935e-03 -3.28478596089e-03 -1.70940738600e-03  1.51277127051e-03  2.24871893260e-03  3.03149621717e-04  9.90757607692e-04 -4.16112314856e-03 -2.16594760261e-03  1.42926141884e-03 -1.54773644616e-03 -9.92375210498e-04 -2.70050587442e-03  2.01248758421e-03  1.93599032354e-03 -1.59810763265e-03  4.38483690591e-04 -5.66825431384e-04  2.53821438787e-03  9.10644403079e-04  7.65377724121e-04 -4.53616560539e-04 -2.71567514464e-03  3.09476014911e-03  3.23274378803e-03  8.84657334042e-04 -3.19790841879e-04 -1.84434632286e-03 -1.24293672350e-03  2.03074740974e-04  6.25754817727e-04  2.41741573225e-03  7.23260054559e-04  3.77380494673e-04  2.50187197635e-03  2.08554507444e-03 -2.24726914992e-03  3.43939358345e-03  2.65181365127e-03 -1.58036910107e-03  1.07321872511e-03  3.27033139450e-03 -2.96200404477e-03 -7.44369973977e-04  2.69288557928e-03  1.41811679767e-03  2.37798995590e-03 -1.31624459297e-03 -1.20522227662e-03  1.01200240685e-03  1.60673822578e-04 -2.06052245744e-03  3.59067674618e-03 -1.67533038096e-03  2.03190081077e-03  2.60780554462e-03 -1.83758672597e-03 -1.46148459596e-03  8.42806887096e-04  4.35766423945e-04 -1.98464434861e-04 -7.55987310051e-04  2.85887645470e-03  5.14221395078e-04 -3.39523390291e-04 -2.58442441850e-03  3.27908471917e-04 -1.96208023724e-03  9.18101784981e-04  6.33372970683e-05  9.28314537655e-05 -4.13035501491e-03 -4.92992546416e-04 -1.26712983879e-03  1.98653323059e-03 -1.15208168080e-04 -1.78920706347e-03  1.08256001810e-03 -2.98703519630e-03 -3.29785377111e-04  1.67265774601e-03  1.59001320940e-03  2.09651349387e-03 -9.12147367416e-04 -7.18537599335e-04  3.45998985742e-03  1.13981481815e-03 -1.26252212734e-03 -9.46732135896e-05 -3.64403947473e-04 -2.95279275682e-05  5.69448420908e-04 -1.37601556926e-03 -9.83155674881e-04  1.36844060308e-03
-2.58995816149e-03  3.78644031325e-03  7.71476293693e-04  1.48190657562e-03 -3.62045933757e-04 -5.87076833969e-04  2.48323570220e-03 -7.33615995191e-04 -1.51204186823e-03 -6.79009509734e-04 -1.46369527494e-03  3.44690114335e-03 -9.46341646673e-03 -4.06429703964e-03  9.46215517040e-02 -4.08123018954e-03 -1.11477014782e-03 -1.89614005808e-03  2.41135163301e-03  3.06356810663e-03 -3.17969029244e-03 -5.89405078871e-04  3.10942727800e-03  4.88315415174e-04 -3.20011482503e-03 -3.88267477733e-03 -1.03113275475e-03  1.98323753543e-03 -1.42583093535e-03  1.33218566577e-03 -1.01119544980e-04  3.98487265044e-04 -5.55719101040e-04  3.42886349283e-03 -2.70802221672e-03 -1.86549230516e-03 -3.74574516829e-03  3.29834661577e-03 -6.02845118659e-03  5.26146947200e-04 -5.80899289628e-04  1.48145103532e-03 -1.60283384451e-04 -8.61601398965e-04 -1.94356461296e-03  1.09323903091e-03 -1.34512448022e-03 -2.05735814133e-03  4.06255366747e-03  8.77056394808e-05  1.01492296547e-03  5.94244788633e-04  1.06016623902e-03  2.41210274874e-03 -1.77804644335e-04 -1.65815121756e-04 -2.84981751314e-03 -1.81262331794e-03 -1.75030027430e-03  1.73977348899e-03  1.77272271240e-03  1.44892938829e-03 -8.68741478300e-04  7.15983490017e-04  1.30309925833e-03 -2.61645255475e-03  8.64868181572e-04  1.99034533251e-03  1.22772818863e-03  7.37600079159e-04 -1.70533629556e-03 -1.00639669327e-03 -2.82698489785e-03 -3.11486250721e-03  1.83113339875e-03 -2.42564337406e-03  4.22686516710e-03 -1.42455855796e-03 -6.93889414565e-03 -5.61609368481e-03  3.25878654358e-03 -2.31869844740e-03  2.54838599503e-03  9.49900037824e-04 -4.15040441889e-03 -3.08020802400e-04  3.77683366729e-03  2.17487246634e-03  1.67141734979e-03 -1.86168970161e-03  3.21786055920e-03 -4.54064841848e-04  6.43070933469e-04  4.44286531583e-04 -8.62872981123e-04  1.83151223761e-03  2.17218668623e-03  2.95361737258e-03  4.77660311055e-03 -4.68907316436e-03 -7.19688298880e-04  2.39120490994e-03 -3.93612491865e-03  2.78358629566e-03  4.51989784428e-03  1.20958390370e-04  2.62771663346e-04 -2.22328271488e-04 -1.03712351322e-03  3.16881572544e-03 -5.62083696414e-04  5.93114407953e-03 -2.77688350737e-03 -3.42386099834e-03  1.09540497513e-03  2.28803068839e-03  1.56005311782e-04 -4.67409419395e-04  1.37600323039e-03  7.52572293678e-04 -2.25779525560e-03 -4.83236339032e-04 -3.01868897144e-04 -6.22385296767e-05 -3.10699226773e-04 -2.57092370258e-03 -2.11090214407e-03  8.91157151158e-05
 2.85487705649e-03  1.55773268224e-04  4.75303592333e-04  1.98053531113e-03 -3.57749144210e-04  3.20190473766e-03 -9.12133578111e-04  4.64428580714e-03 -1.20096355012e-03 -1.73604395120e-03  2.37188960184e-04  1.37188457441e-03 -2.06996582744e-03  2.35032410994e-03 -4.08123018954e-03  1.01256181189e-01  1.99761367871e-03  1.22962498187e-02 -4.13000019561e-03 -4.27005958893e-03  8.13099268663e-04 -1.79885138877e-03  3.73585792622e-03  2.23286733229e-03 -2.79229656696e-04  2.70477684174e-04  3.36300586791e-04  1.80720613713e-03  1.17505824687e-03 -1.16596825382e-03 -5.61404286539e-03 -2.05806454435e-03  2.49971116128e-03  1.26357401121e-03 -7.52223316414e-04  2.01232524185e-04  6.35220158119e-03 -1.89896036790e-03  1.18507693914e-03  2.16608775304e-03  5.60815331553e-03  5.10794206875e-03  3.91029295489e-03  2.91124342202e-03  1.80609120463e-03 -1.72533337913e-03 -8.80587791123e-04 -1.37185247465e-03 -7.57323932271e-04  4.43753602704e-04 -2.86766696841e-03  2.60738093601e-03 -2.59668998413e-03  7.51194057896e-04 -4.11469037988e-04 -5.35209088726e-04  2.22729381936e-03  3.99631666525e-03  3.18590181371e-03 -9.22701334859e-04 -6.61091897682e-04 -1.26011705265e-03  1.63423442252e-03 -1.50812166678e-04  1.31644399541e-03  3.75459547047e-04 -3.09891821229e-04  2.91953482554e-03 -8.15035469339e-04 -1.02227487533e-03 -3.00281896377e-03  1.33109798090e-03 -2.78792414728e-03  3.24266320137e-04  7.66384786442e-03 -1.23197217552e-03  1.43272243875e-03 -2.55712161806e-03 -4.14275492318e-04  1.45005898703e-03 -3.17988249728e-03 -1.91087658147e-03 -9.38796759466e-04  4.96950828530e-03  5.52525529581e-03 -8.95966113897e-03  4.94044993679e-04  9.97569528305e-04  7.38182742095e-04  1.96874616449e-03 -8.00530378448e-04  1.97880147448e-03 -3.20857725187e-03 -4.10236997497e-03  2.55232565718e-04  2.73038829993e-03  4.00980819510e-03  4.33261309771e-03 -7.52007513807e-04  1.03522412066e-03  1.34519493940e-03  6.11431283622e-04 -1.46294848320e-03  1.08591424444e-03  3.15467643102e-03  2.61216821292e-03  2.14992300879e-03 -2.95877673724e-03 -1.25872810012e-03  1.73622152134e-03  6.78691065362e-04 -2.00110975765e-03 -4.77244979174e-04 -2.00026609921e-03 -2.02112449837e-03 -3.77347738233e-03 -8.60456213296e-04  1.85703135405e-03  1.46990540478e-03  1.13950846364e-03  4.57776664623e-03 -4.53120092112e-03  3.45145953218e-03 -1.57122846200e-03  3.53517517166e-03  1.77039976559e-03 -1.30554714662e-03 -3.05537953131e-03
