 1.08540066006e-01 -7.46306335511e-04 -1.41598212633e-02  6.25685761048e-03 -5.52958754700e-03 -1.56427462260e-03  1.50659565273e-03  4.72559417941e-03 -3.00836772118e-04 -1.25924174293e-03  3.34064352455e-03  3.26636428979e-03  4.14049790591e-03 -2.95196393237e-03  1.77532659783e-03 -4.49509800116e-03  4.58337657684e-03 -5.48832752675e-03 -1.76109935200e-03 -1.16561556316e-03 -9.52995133066e-04 -2.39021203168e-03  7.29924891843e-05 -2.63458798438e-03 -2.01041511057e-03  3.29373012311e-03  5.94042438290e-04 -9.94940103342e-05  1.83833431976e-03  1.30194972584e-03 -1.22064655117e-03  2.87472272145e-03 -2.28903617827e-03  5.56355487426e-04 -2.29298635636e-03  7.12466149139e-04  2.70468310910e-03  2.23666334722e-03 -3.67119110010e-03 -1.64160804349e-03 -1.65245743627e-03 -3.88533438424e-05 -5.18056044218e-04 -1.91946465897e-03 -1.42392256940e-04  3.16883304510e-05  3.10417543995e-03 -3.90325896268e-03  1.50436622574e-03  2.37729353050e-03  1.87668920303e-03  3.36098576387e-04 -1.63582727075e-03  3.53009844157e-03 -4.76081493972e-04 -1.94921603722e-03 -9.20529234605e-04 -2.20559171778e-03  3.49235585829e-03  4.10325787408e-03 -2.66771390167e-03  4.65866643653e-04 -1.78190124396e-03  1.06660733294e-03  2.89406711451e-03 -1.17515131151e-03 -6.86686831658e-04  7.83717412621e-04 -2.61792513023e-03 -1.28339359047e-04 -1.11600126869e-03 -7.76407474908e-04 -2.63130019468e-04  3.53816347350e-03 -2.98643038819e-03 -9.76299393182e-04 -9.53144949965e-04 -3.36726396567e-03  7.42501877851e-04 -7.09359747832e-04  1.29652755212e-03 -1.47239337543e-03  4.55323622936e-03  4.46416280560e-04  4.11046257446e-04  6.01019034565e-05 -1.32859683211e-03  1.60424084108e-03  4.27975235033e-03  5.29156349880e-04 -1.27743421409e-03  1.60489678357e-03  1.77263487907e-03 -1.16873202229e-03 -2.36968284511e-03 -1.78941268361e-03 -9.36095509094e-04 -1.75030913780e-03 -5.42641205205e-03  4.41779142087e-03  7.22129652015e-04 -1.47726877893e-03 -1.44480448129e-04 -4.10949494540e-04 -5.97377940166e-03  1.40497257935e-03 -4.75621331197e-05 -2.01212365757e-03  2.32740233641e-04  1.19174132287e-03 -9.29677771096e-04  2.45798990202e-03 -3.56400791871e-03 -6.72356883640e-03 -6.19850045252e-03 -3.24337711833e-03  1.38072369430e-03  3.07519488834e-03 -9.68356050328e-04 -3.20504729472e-03  1.21278748201e-03 -1.29375628834e-03 -7.44026539970e-04 -3.40948255207e-03  2.96275780723e-03  8.65275052954e-04 -7.11406813715e-03 -1.47916984951e-03
-7.46306335511e-04  1.14300912305e-01 -6.97951105457e-03  5.37605842355e-03  6.00247766345e-03 -1.81901287980e-03  2.91309430987e-03 -2.52023691103e-03 -1.84229992629e-03  7.03776241917e-03 -3.48402114648e-03 -6.65014975097e-04  7.88070311101e-04  2.57336462525e-03 -3.50008745508e-03 -3.84336867703e-04 -5.79436485734e-03 -9.80297031536e-04 -1.28832307302e-03  1.72275099416e-03  3.07322850010e-03  4.44859381034e-03  1.36014700654e-03  2.07463663374e-03  5.87819522931e-03  2.27478213867e-04 -2.54487694781e-03  1.65119780202e-03 -2.52443327636e-03 -7.06107946649e-03  1.87240679398e-03 -3.27795648896e-03  2.92242881675e-03 -2.52212107264e-03 -1.89905730809e-03 -2.74313985764e-03  1.89939217931e-03  2.01837365344e-03 -2.03895270443e-03 -2.61064640820e-04 -6.23994761918e-03  4.30605879197e-03  4.59779171900e-04  3.90791718669e-04 -5.19440766438e-04  8.71628677091e-04  2.94997071140e-03  7.43926076233e-04 -3.42389943994e-03 -7.39954615657e-04  3.47461909996e-03 -3.38300125795e-03 -1.60962098921e-04  7.64702693030e-04  1.82253689667e-03 -2.77244220566e-03 -5.07479101736e-04  2.88199456115e-03 -7.65397735591e-04 -2.86251432034e-04 -2.97642557703e-04 -4.01982174450e-04 -1.62267193159e-03 -1.09974589073e-03 -5.53254875109e-03  2.20558388585e-03  1.80641219469e-03  3.84782726652e-03 -4.20833766335e-04 -1.60938581031e-03 -1.06858395047e-03  7.50098870418e-04  1.45126264273e-03  2.93776508914e-03  5.65608075619e-03 -4.24342791264e-04  1.17644041080e-03  6.69091886476e-04 -1.99499937139e-03 -4.54014415908e-03  2.05323849409e-04 -4.91531366804e-03 -2.00283598376e-03 -9.23067415090e-04  2.03817689372e-03  3.56864082832e-04  1.56038065810e-03  2.35435039962e-03  2.57029984202e-03 -2.33838626825e-03  3.33046259693e-03 -1.35420955865e-03 -1.72781155301e-03 -6.17672332822e-03  1.96837347267e-04 -4.10521611739e-03  1.18604046027e-03  1.34717083856e-03  2.24685785756e-04 -4.35518708466e-03 -2.16390904099e-03 -2.95650442259e-03  2.41546344266e-03 -2.26569818215e-03  4.03099861823e-03  1.91985868178e-03  1.30124856040e-03  1.67945448184e-03  5.84129480019e-03  1.59263481381e-03  4.68748447621e-03 -7.59699343060e-04 -5.19931670316e-03  1.77415304592e-03  8.59489516006e-03 -1.02075201839e-03 -1.33778511368e-03  5.24990389341e-03 -2.35839452689e-03  1.00135167659e-03  2.17851559091e-04  3.14675370932e-03  1.95042149458e-03 -4.41792855054e-03  1.39363818207e-03  2.40021999193e-03 -1.89181078047e-04  3.57840228705e-03
-1.41598212633e-02 -6.97951105457e-03  8.06725673979e-02 -6.26572090729e-03 -2.99637051126e-04  1.01130201584e-02 -4.40951057551e-03 -1.09444937718e-03  2.31315548972e-03 -8.37788229178e-05  6.05297791771e-03  5.20389155313e-05 -2.27951053308e-04  1.42878959306e-03  2.43778713978e-03  2.59752324997e-04  1.72552364105e-03  2.69842307198e-03  2.82198016401e-03  2.27544572497e-03  9.14659680681e-04  1.50176976188e-03 -1.65125348766e-03  2.04345440132e-03  3.38739557948e-03 -2.07502448351e-03  8.00471512429e-05  1.10220117839e-03 -1.67487093265e-04  4.01482371822e-03  2.01048148010e-03  1.22927459198e-03 -1.94293799416e-03  5.94224106621e-04  2.96547693729e-03 -1.64319679167e-03  1.92598315379e-03 -1.77767797371e-03  7.28048737147e-03  1.08132097924e-03 -4.02983623296e-03 -2.22085076483e-03 -2.10423233976e-04  2.32081290867e-03  3.13093554845e-03 -1.24562679660e-03 -5.09096280197e-04  4.46520674475e-03 -2.08853299872e-03 -3.46886852596e-03 -2.82815181880e-03  1.80993692304e-03 -2.59993116638e-04 -2.96218330019e-03 -1.51647951812e-03  3.65823531769e-03 -3.46194079444e-03 -1.48691515793e-03  4.44441776627e-04 -1.14658491243e-03  8.47296868859e-04 -4.04476981446e-04  2.50266179895e-04 -3.55292723331e-04 -2.05643238749e-03 -1.85390630522e-03 -9.15957682765e-04 -1.29791207353e-03  5.60823282316e-04  2.82884052124e-04  2.01932021436e-03 -1.95092288819e-03 -1.82755062889e-03 -6.90496038013e-04 -3.37259771850e-04 -2.00513882748e-03  1.15819689195e-04 -4.88444237694e-03  1.92714213907e-03  2.05690989861e-03 -2.64824759686e-03 -8.46494668442e-04 -7.25156297655e-04  1.60101436879e-03 -1.89136032486e-03  2.45942403727e-04 -1.10463090296e-03 -2.42711754748e-03 -2.55343471246e-03 -4.42581209862e-03 -7.06637600960e-04  1.14987260848e-04  1.42247953862e-03  2.45441677263e-03  5.12871548811e-06  6.84528474307e-03 -1.53976902755e-03  2.56625175905e-03  2.12301683256e-05 -3.52330617277e-03  2.72612334557e-04  4.98019392028e-05  1.93751711682e-03  1.07592672860e-03  1.14422440653e-03  2.26019562924e-03  5.40022185754e-04  2.15941468144e-04 -9.09895201247e-04 -1.47111503547e-03 -1.78401567613e-03 -2.47693337106e-03 -2.64254292867e-04  1.59110312183e-03  4.65024957243e-03  2.00898545148e-03  3.43705989969e-04 -3.20375011706e-03  2.40242790105e-04  2.96828509243e-04  3.87823791354e-04 -2.28145571961e-03  3.66082402159e-03 -1.41661745830e-03  2.93261652516e-03  2.81246786065e-04  2.91637855322e-04 -1.70126818722e-03
 6.25685761048e-03  5.37605842355e-03 -6.26572090729e-03  8.87615163072e-02 -1.45039959020e-02  9.76910294619e-03  1.78941891335e-03 -4.92553009708e-04  3.36075036217e-03  2.00247175530e-03 -3.64894595381e-03  2.73075635829e-03  1.20614505054e-03  1.74071931661e-03 -1.19808585275e-03 -9.48148988610e-04 -3.64305994614e-03 -2.31748135128e-03 -3.67902912614e-03 -4.26001704757e-03 -2.70915136128e-03 -1.40655428161e-03 -4.26942378528e-03 -5.53983727455e-04  2.53248172740e-03  1.62111329667e-04 -1.55824221824e-03  3.85193295789e-04 -2.22530696087e-04 -1.50906129743e-03 -6.78440940109e-04  5.36611632572e-04  8.07626823152e-04  2.64716612148e-03 -3.50448580509e-03 -1.12033898480e-03 -1.27790699396e-03 -1.83351743362e-03 -4.04678730116e-03 -1.45344173986e-03 -5.42269790542e-03  1.72002187994e-03 -2.05373673248e-03  5.23971979221e-04  3.50538060993e-04  9.30958905290e-04  8.76932111521e-04 -4.28528040016e-04  1.85774166641e-03  2.55674048008e-03  1.63044002634e-03  8.13548313842e-05  3.43735322966e-03  3.97775345675e-03 -1.33713725472e-04 -9.91526934611e-04 -1.67978620674e-04  2.08073164493e-03 -2.27011994353e-03  2.01740621774e-03  2.39951502634e-04 -1.48283925691e-03 -2.99449066649e-04  1.49035182181e-03  1.79203017159e-03  2.98509391326e-03 -2.38280487624e-03  2.05617586391e-03  2.23552916126e-03 -2.36433061518e-03  3.35629747975e-04 -5.71041241211e-04 -1.83378422733e-03  3.22070624369e-04 -3.65303901867e-03 -1.56941852716e-04 -1.52439407846e-03 -1.37409688949e-03 -7.05655711895e-04 -3.81971134675e-03  2.61997959763e-03 -6.06266573445e-04 -1.27522644769e-03  2.81912890828e-03  2.62862784125e-03 -5.67307000251e-04  2.99540862208e-04  2.09386375950e-03  3.40111919822e-04 -1.39415155708e-03  3.37702786765e-04 -1.64011557731e-03  3.13687875863e-03  7.84162130981e-05 -3.04266025291e-04 -2.93324064659e-03  2.51089244715e-03 -1.43225902408e-03 -2.25310943205e-03  6.13268828390e-04 -5.12257973791e-04 -4.78934687956e-03  4.66749038177e-04  2.20733113899e-03  5.99349318406e-04 -2.68120596093e-03  2.09629179409e-04 -6.81102863636e-04  1.82068095454e-03  4.23437971725e-03  1.01262891518e-03  2.06344437830e-03  1.62056866770e-03 -2.99495588553e-03 -4.63013145717e-03 -4.49752747675e-04 -1.00474768855e-03 -1.67783390436e-03 -3.47433743161e-03 -1.20754885045e-03  1.11179556618e-03  3.34216465702e-04 -8.08777859759e-04 -2.44403378452e-04  1.60409302326e-03 -4.84514118548e-04 -3.26025359724e-03 -8.59215016216e-04
-5.52958754700e-03  6.00247766345e-03 -2.99637051126e-04 -1.45039959020e-02  1.01819172732e-01 -3.96902206058e-03  3.07639615928e-04 -6.26229741552e-04 -3.96478749476e-04  1.21184181781e-05  5.42363503100e-04 -2.61390050690e-03 -1.32991641424e-03 -2.40032421159e-03  2.14940804321e-03  2.61149655691e-05  9.97614655161e-04  3.90757234581e-03  1.68699388879e-03  2.13041158881e-03  8.13014353127e-04  2.05877905828e-03  2.33147626463e-03  7.81349470305e-04  3.86138982096e-03  1.86947486479e-03  4.04663998342e-03 -5.25548804946e-05 -3.36053364425e-03  1.17893822726e-03  2.56305232428e-03 -1.57380669026e-03  2.90169805680e-03  1.34376209985e-03  5.18140307997e-04  6.28376105705e-03 -9.45947010092e-04  1.84603897249e-03  1.05714510437e-03  6.78584338751e-03 -1.66115833034e-04 -2.83462550555e-03  2.24767288357e-03 -1.87886499223e-04 -9.44600736830e-04 -4.61900412013e-03 -2.12765858065e-03 -2.27218770992e-03  4.77304835387e-04 -4.86444308702e-03 -1.17555779202e-03  7.64694536409e-05 -1.31308293239e-03 -4.84025131097e-03 -1.23663348678e-03  8.73591743855e-05 -9.77669398754e-04  3.24490457930e-04 -8.86792469517e-04 -3.07712856086e-03 -2.08530349041e-03  3.40292645148e-03 -7.54402658756e-04 -1.37804958511e-03  1.58977011766e-04 -3.83816361253e-03  1.69321953289e-03  4.06957246317e-04  2.37142368013e-03  2.18329867801e-03 -1.70552921677e-03 -1.12590181608e-04  4.23626026455e-04  2.61219110886e-03  7.69911241687e-03  8.75117842170e-04 -1.20731447980e-03 -3.17170293596e-04 -7.06044696950e-04  2.93512848873e-03  6.62587236573e-03 -7.06254315980e-05  1.58247603482e-03 -3.02213244375e-03 -1.84781869740e-03  9.19913292036e-05 -3.37726874721e-03  1.48768448963e-04 -6.28781921567e-03 -3.81552096050e-03 -8.80134776369e-04  1.90408007024e-04 -4.72448562522e-03 -2.65079966015e-04  1.74420610970e-03  3.47664631888e-03  3.50694158099e-03  4.60784984057e-03 -1.67133342864e-04 -1.64466282906e-03 -5.42940581688e-04 -9.27505896783e-03 -3.11243009875e-03 -3.19225946811e-03  8.84162143732e-03  5.02574257023e-03  1.75482607624e-03  2.39932095128e-03  3.61077816217e-03 -4.53109049950e-04  9.56618240788e-04 -4.53472976368e-03  3.30459069118e-03  1.11364322291e-03  7.54290814045e-03 -1.02197408825e-03 -5.85238044058e-04  1.44407171880e-03 -4.41512563970e-03  2.40342109228e-03 -8.23569253057e-03  3.24738694163e-03 -3.85486949785e-04 -3.16865770094e-03 -1.17488974391e-04  1.04332386751e-03  3.88749823752e-03 -1.16003397024e-03
-1.56427462260e-03 -1.81901287980e-03  1.01130201584e-02  9.76910294619e-03 -3.96902206058e-03  5.80372208231e-02 -2.14682314015e-04 -1.05258469779e-02  7.81451410083e-03 -1.77910425522e-03  6.87411907981e-04  1.47795762461e-03 -1.39818518196e-03 -5.28865964310e-04  9.66942477620e-05 -1.25153359679e-03 -5.28595795224e-05  1.29752550396e-03 -3.08190143575e-04 -5.49390655726e-04 -2.96375974465e-03 -4.17504202657e-04 -1.87735385989e-03 -4.92024915953e-05  8.35162357326e-04 -3.59703891601e-04  1.36005954360e-03  2.29460591325e-03  8.00233917544e-04  1.98236078464e-04  6.31601247987e-04  2.62192596224e-03 -1.56636591055e-03  1.38552905631e-03  6.79042902517e-04  4.12847033484e-04 -1.78075750582e-03 -8.18776735143e-04 -8.76751579158e-04  9.23749992399e-04 -7.70896698954e-04  6.78437485132e-04 -2.67073876396e-03  1.76362666927e-03  1.03436882016e-03  1.07477742869e-03  9.69382727091e-04  1.44521164547e-03 -6.73736242844e-04 -1.88976185654e-03 -3.29715930541e-04  7.06300536524e-04 -3.44455611895e-04 -1.85521539834e-03  3.86392186251e-04  1.29625440724e-03 -2.44099122816e-03 -4.39909270238e-03 -1.64861528256e-03 -3.72291160836e-03  9.75376924267e-04 -8.36627451895e-04  1.50256219574e-03  1.26124223786e-03  2.16330513133e-03  2.01433624810e-03  4.91443312726e-04  1.74858076513e-03  7.34905391796e-04 -1.54445288269e-03  2.38424789509e-03 -1.51150540556e-03 -1.43645741027e-03  2.39170622150e-03 -1.66683419650e-03  4.45933481321e-04 -8.49383707605e-04 -3.28718326709e-04 -5.15200031190e-04 -1.45170809944e-03 -2.36495193277e-03  1.59084237461e-03  5.48589786613e-04  2.29125695825e-03  7.17442295524e-04  6.74184713438e-04  1.94280430530e-03 -2.01861126029e-03 -6.61626686169e-05 -9.96103768566e-05 -1.24265540544e-03 -4.44943568236e-04  9.13970154249e-04  2.66687255184e-03 -5.46977924199e-04 -6.97621152060e-04  9.68739667618e-04  1.15079695738e-03 -2.09281250727e-04 -1.86742394112e-03  1.73686972352e-03 -1.52713275336e-04 -1.19001442240e-03  4.04081293922e-03  8.84906821451e-04 -4.99905946449e-04 -1.62561336116e-04 -3.59094405973e-04 -4.02334712489e-03 -2.80640389668e-04 -2.16926985706e-03 -1.00341060360e-03 -2.87218831862e-04 -2.04774660165e-03 -1.20466436034e-03  1.26256550455e-04 -7.63520496113e-04 -2.69470285962e-04 -2.67595426061e-03 -1.66676941214e-03 -7.13556288925e-04 -1.99807445692e-03  4.66764599235e-04 -6.71221467109e-04  2.00605269840e-03 -1.77739381276e-04  1.71624053155e-03 -1.23159084475e-03
 1.50659565273e-03  2.91309430987e-03 -4.40951057551e-03  1.78941891335e-03  3.07639615928e-04 -2.14682314015e-04  7.54878071244e-02 -1.29199395080e-02  6.86694581920e-03 -2.21664388658e-03  2.22024962233e-03 -2.10386912896e-03  1.12951789322e-03 -1.42544193871e-03  2.73890643487e-03 -2.41919988345e-03  1.88981248328e-03 -1.64605628094e-03 -1.50340510254e-03 -1.63585780559e-03  3.54680189335e-04  7.13362893285e-04  2.45530475535e-03 -4.92210611955e-04  1.57030897991e-03  1.92296525074e-03 -9.34850525996e-04  1.21888084798e-03 -7.41269370419e-04  4.21049846006e-04  8.14080137345e-04 -1.94379140889e-03  7.60764685266e-04 -1.47265710055e-03  4.69569517474e-03 -2.08849851367e-03 -7.76568817062e-04 -3.70979635490e-03 -2.18520609512e-03  2.99999102998e-03  4.17864827227e-04 -2.46273635193e-03  6.06774990692e-05 -3.18545413713e-04  1.00423183965e-03 -1.60766528716e-03 -1.28613896246e-03  1.48289977700e-03  1.10334565388e-03  1.43205826675e-03  1.97462438202e-04 -2.05813273090e-04 -5.62279307904e-04  9.14539931247e-04 -1.93426568807e-03 -1.66092557121e-03  2.92553116615e-04  1.09712178277e-03 -3.98075546996e-03  1.26856337720e-03 -2.23563273242e-03  1.69131247911e-03 -4.08495125072e-03  3.09267846284e-03  3.43810163988e-03 -1.99786706945e-03  1.86571848421e-03  6.37686170323e-04 -2.96491476612e-03 -3.49205727052e-04  2.98779143368e-03  1.51688951775e-03 -3.17095868903e-03 -3.14652419823e-03  4.88152326116e-05  2.65659616848e-04  5.85104917321e-04 -4.12393221780e-04 -1.04647801110e-03  2.12997982456e-04 -1.85055321696e-03 -1.81148552395e-03 -2.42217271591e-03 -2.88629672758e-05 -2.11062754278e-03  5.37335235596e-04  4.81723355825e-04 -2.16821898848e-03 -3.33762208740e-03  4.93110457135e-03  2.28565476397e-03  1.25873010996e-03 -3.67456292948e-04  2.87547604366e-04  1.06099765338e-03 -1.86318256207e-03 -5.00637897388e-03 -2.55974285159e-03 -2.75217434825e-03  5.62859579656e-03  1.14056364504e-03 -4.56449093038e-03  2.66496391664e-04 -9.82435767325e-04  1.29949761419e-03 -1.63478967642e-03  9.66593766646e-04 -1.02035952432e-03  2.07929028324e-03  3.20608968442e-03 -1.31539233339e-03 -1.37491735764e-03 -2.71445758186e-03 -1.14117744924e-03 -1.95506847510e-03 -2.27088653572e-03 -8.14504479851e-04 -2.22902850073e-04  1.06768442860e-03 -3.45301119745e-04  1.84149786016e-04 -1.97970780423e-03  2.10761069453e-04  2.37693406478e-04 -7.13832043985e-05 -1.49441316197e-03  7.61422708631e-05  5.30277906857e-04
 4.72559417941e-03 -2.52023691103e-03 -1.09444937718e-03 -4.92553009708e-04 -6.26229741552e-04 -1.05258469779e-02 -1.29199395080e-02  1.00723725916e-01  9.39120953432e-03  1.97279015613e-03 -1.23397608611e-03  9.09747734784e-04  3.45683781482e-03 -1.18887182082e-03 -3.27062767822e-04  1.94009959400e-03 -2.34957927774e-03 -6.22941978776e-03  1.01706404206e-03 -3.90591233897e-03  1.61279360485e-03 -3.67834624270e-03  6.08878045247e-04 -2.68859098579e-03  7.44413130478e-04 -6.22748928429e-04  1.24457136799e-03  1.74142346148e-03 -2.35623763503e-03 -9.47085244662e-04  2.65593424114e-03  2.39352679759e-03 -8.92281835137e-04 -7.40932575447e-04 -5.61046866408e-03  2.33205435544e-03  2.49763055204e-04  3.64681324647e-03  2.39446919616e-04  9.80510797517e-04  6.56375307374e-03 -1.74207867485e-03  2.24832159524e-04 -1.95084688526e-03 -1.81079481039e-03  2.68379379147e-03  1.22197518795e-03 -1.61230368263e-03  1.25555476926e-03 -1.75964086659e-03  4.68803731857e-04  2.78259592772e-03 -3.63540344250e-03 -2.35289848888e-04  9.35888800209e-05 -1.08108090669e-03  9.68214472826e-04  2.22972843894e-03  1.49033908644e-03  6.44282358809e-04  2.25312156588e-03 -1.48544546093e-03  2.19003627475e-03  3.33812076422e-05 -1.15223525406e-03 -1.02245329212e-04 -3.04515364247e-03 -3.35259831931e-03  1.66500687590e-03  1.33868369384e-03 -1.84689799122e-03 -5.40701715339e-04  7.63569949236e-04 -3.44932812777e-03  7.76261310751e-05 -4.64756256346e-03 -3.46563091437e-04  1.17101930769e-03  2.20377463984e-03 -1.58207913103e-03  1.08067161152e-03  5.24903542312e-03 -5.85629680975e-04 -2.13971170977e-03 -1.68969218745e-03 -3.96654065924e-04 -2.52947708867e-03  3.43265910872e-03  3.84532925865e-03 -3.77313656366e-03  6.42119222034e-05  2.65041776726e-03  3.57277039388e-03 -1.74841269100e-03  1.38024363779e-03  7.25641784650e-04  8.84328254360e-04 -1.25017414845e-03  5.34923101801e-03 -6.84405010527e-04  7.84264992949e-04  2.37644834744e-03 -3.69401401212e-04 -4.14513749356e-03  9.43497296229e-04  1.48331270278e-04  2.34127887727e-03  8.91794732329e-05 -2.46633012921e-04 -9.07813519874e-04  2.57646038816e-03 -1.34759063238e-03  4.61433664829e-03  2.68946491824e-03  3.65365545680e-03 -2.42947625270e-03 -2.04958645340e-04  1.60564542058e-03  1.94203437410e-03 -3.14039385501e-04  1.84682200494e-03  5.46797417691e-03 -3.07083691833e-03  8.33589016778e-04 -1.63747588172e-03  1.73359428696e-03 -5.00815359308e-03  2.15198651192e-03
-3.00836772118e-04 -1.84229992629e-03  2.31315548972e-03  3.36075036217e-03 -3.96478749476e-04  7.81451410083e-03  6.86694581920e-03  9.39120953432e-03  7.40652389479e-02  3.97370906747e-03  6.68697546189e-03  1.72175909729e-03 -3.45678294457e-04 -8.66900574250e-04 -4.30561109757e-04  5.29436346161e-05  1.91817464320e-03 -2.60513757363e-03  8.27799097336e-04 -3.40912688189e-03  7.40436482300e-04 -4.57266040583e-03 -1.46858087945e-03 -4.66954064646e-04  8.69309253975e-04  4.74131802173e-04 -8.93970318410e-04 -1.95338256632e-03 -7.24623733370e-04 -1.26430599591e-04 -1.24058131212e-04  2.32277707722e-03 -1.98834986370e-03  1.50835931630e-03  1.54072342664e-03  1.55650803079e-03 -1.54795472285e-03 -6.13192217247e-04 -1.74927451753e-03  2.78582739674e-03  3.79126318935e-03 -1.14052935498e-03 -8.09853911106e-04  3.77445855954e-04 -8.64374124496e-04 -1.48347181069e-03 -5.89731164692e-05  2.69462378487e-03  7.98732191254e-05 -4.48694638055e-03 -4.26941602380e-03  1.41826792674e-03  2.12161017840e-03  2.32548713330e-03  2.56717972563e-03 -7.46812482573e-04 -2.34197935362e-05 -5.46993500953e-04 -3.89952617822e-03 -5.66713562038e-04 -1.45344067591e-04  2.09058231621e-03  8.59444278613e-04  3.12748523447e-04  2.02299157624e-04 -2.27686434900e-04  6.66205890193e-06 -2.48605479328e-03 -4.19924168578e-03  1.15779655221e-03 -7.41190156110e-04 -2.48797635007e-03  1.38296011758e-03 -1.13820727027e-03 -9.16876263945e-04  6.61900335611e-04 -7.01713917520e-04 -4.80033210563e-04 -2.45941242823e-03  6.25520821690e-04  2.77030180542e-03  2.15838492875e-03 -7.92360960538e-04  1.97758959719e-03 -1.01104586555e-03  1.56161021449e-03 -6.64534484112e-04 -2.44522247024e-04 -4.24763486694e-03  6.01161192694e-04  6.16889062848e-04  3.73053034903e-03 -2.20777759392e-03  1.09247589886e-04 -2.99760892118e-05 -2.00607355353e-03  1.90367425246e-03 -1.78339452233e-05 -1.16890628200e-03  3.06695832249e-03  1.16298289876e-03 -2.81025488082e-03  1.72986266582e-03  4.10222308938e-03 -3.85354750479e-04 -2.29968147923e-03 -3.36767149634e-04  3.77531459388e-07 -9.64866853732e-04  1.83200582113e-03 -2.86392367790e-04 -2.28039078457e-03  8.01083753638e-04 -1.11558259467e-03  5.17806013859e-03 -1.81926865666e-03 -6.61839694633e-04  3.57420006268e-03  6.08306420693e-04 -4.93225535314e-04 -1.70838022187e-03  1.39767216694e-03 -3.85395853247e-03 -1.93653534949e-04 -5.50657659979e-04 -6.41173263663e-04 -1.77209667915e-03 -2.63913671140e-03
-1.25924174293e-03  7.03776241917e-03 -8.37788229178e-05  2.00247175530e-03  1.21184181781e-05 -1.77910425522e-03 -2.21664388658e-03  1.97279015613e-03  3.97370906747e-03  9.43984950940e-02 -5.00266684703e-03 -1.04216324257e-03  1.91100872412e-03  2.04727244354e-03 -2.93300148433e-03  5.94110689365e-04 -5.16442005210e-03 -1.18725654834e-03  1.37432732142e-03  6.21270495929e-04  2.15884411125e-03 -4.24686441335e-04  3.00394876784e-04  6.56994682380e-04  4.72727083221e-03 -6.33844361086e-04 -2.82309988325e-03  6.01384219247e-04  2.60369998734e-03 -9.01212605591e-04 -8.24073809582e-04 -5.52374577496e-04  4.63116088771e-03 -3.98239009831e-05 -4.89456043961e-05 -9.99071596385e-04  3.04013294947e-03  7.26643664722e-04 -5.47697949631e-04 -4.76102541503e-03 -1.04064316980e-03  4.81140948994e-03  1.55162130847e-04 -1.22491263655e-03 -6.66592312135e-04 -2.21114404183e-03  1.50973594220e-03 -1.36617822846e-03 -2.00216186606e-03 -2.43302749231e-03 -4.61318637898e-03 -1.60196152369e-04  3.00094456194e-03  2.98329754364e-03  9.66853820618e-04 -8.71246938532e-04 -3.26138026307e-03  3.52200413703e-04  1.83422994652e-03  1.82581476240e-03 -2.61615447279e-03  4.68410872033e-04  8.61346893000e-04 -2.42619375773e-03 -2.13721710623e-03 -2.53394164215e-03  1.73924653389e-03  1.21474205932e-03  7.01421401134e-03  2.44060901769e-03  3.58877363851e-03  2.00594463924e-03 -4.11785975275e-03  4.53227441963e-03 -4.16216540718e-03 -4.87841458840e-04 -2.31906192903e-03 -1.80422635363e-03  3.05377699097e-04  1.61953368898e-03  7.46360759394e-04  2.76103546434e-04  3.75322378404e-03  1.15281501376e-04  1.09367423973e-03  4.54502014102e-04  4.49863910362e-04  1.97732896641e-03  2.16547757498e-03 -9.97770683220e-04 -2.12925776632e-03  5.97410560402e-03 -1.10390034843e-03 -2.28478180466e-03  1.72210460384e-03 -2.32949604801e-03  4.76913382489e-04  6.59029640333e-04 -1.53348382826e-03 -2.22845983590e-03 -1.20378841263e-03  1.52135500728e-03 -4.00673882385e-04  6.02915389535e-03 -1.60261788674e-03  6.54185230677e-04 -2.76422741855e-03 -1.83035873076e-03 -3.33132041561e-03  2.49289322528e-03 -4.93319069828e-04  1.65109480251e-03  3.63397314745e-03 -3.21383270312e-03  7.82668166307e-04  2.25863055391e-03 -1.46164595385e-03  1.30827538929e-03 -3.48418767573e-03 -2.96092739745e-03 -3.63225790822e-03  1.43661652881e-03 -1.29852716987e-03 -4.62626460031e-03  1.04956880032e-03 -1.31724976195e-03 -3.50695114416e-04 -1.55555548385e-03
 3.34064352455e-03 -3.48402114648e-03  6.05297791771e-03 -3.64894595381e-03  5.42363503100e-04  6.87411907981e-04  2.22024962233e-03 -1.23397608611e-03  6.68697546189e-03 -5.00266684703e-03  1.03607264772e-01  6.40447029777e-03 -1.95197060971e-03 -1.29085192421e-03  2.13573421508e-03  1.46426412190e-03 -1.13056380026e-03 -8.66819009733e-04  6.11955501973e-04  2.38840610063e-05 -3.13687698307e-04 -1.85608073520e-03 -4.24143172257e-03  2.86163502144e-04 -2.11223293596e-03 -3.84763438680e-04  2.08108916687e-03  1.30933288567e-04  4.39625409803e-03  1.25860324510e-03  1.58541213612e-03 -2.62908215826e-03  3.93124329417e-03 -3.84019677502e-03 -1.52715001246e-03 -7.59013740147e-04  1.38798169926e-03  2.36780280854e-03  2.44606223402e-03  1.39441993865e-03  7.97543591802e-04 -4.13878111185e-03  4.08023772628e-03  2.72797452394e-03 -2.30933771836e-03  9.41755865931e-04  1.31919095749e-03  2.10307837501e-03  5.35403246635e-03 -1.14427720742e-03  1.20212254643e-05 -2.39584279100e-04  5.53624205594e-04  9.13588203331e-05 -4.04329313952e-03  2.41185576460e-03 -3.61168942402e-03 -1.92790528985e-03 -8.75698990783e-04 -4.44564604481e-03  3.01928346535e-03  3.37658381214e-03  2.73376713331e-03  1.93375829872e-03  2.19799833520e-03  2.33127452296e-03 -4.47955295633e-03 -1.13502378955e-03 -1.14931447455e-03  1.78025797023e-03 -1.98182872257e-03  4.46825679094e-03  1.34643428237e-03 -1.01182628755e-03 -2.95189318908e-04 -2.50468707117e-04  3.36048730815e-04 -1.69815453019e-03 -8.60509660595e-06 -2.91046050130e-03  6.44008104650e-04  1.66796666834e-03 -1.54191473956e-03  1.32942648667e-03 -1.49718316560e-03 -1.07865090192e-03 -6.39512657770e-04  4.50188231615e-03 -1.78980589384e-03  5.65046315762e-05 -2.63215971580e-03 -8.34056806922e-05 -1.44109883850e-03  2.30518347898e-03  1.62242411698e-03 -8.49134265771e-04 -8.11295017279e-03 -1.28703284261e-03 -4.42169701085e-03  1.50175283721e-04  3.76093212343e-03  7.05381908879e-05  1.90679658195e-03  2.26366039095e-03  5.89689326739e-04 -4.03584556869e-03  4.02380221035e-03  1.67601706470e-03  4.60839435744e-04  1.92801443225e-04  1.59393777574e-03 -5.39203864952e-03 -3.49186241558e-03  6.02687558197e-03  3.44540255542e-03 -8.12354405431e-03  4.48779080405e-03  1.17639110773e-04  7.69070127514e-03  3.57854229860e-03  2.87525217439e-03  6.23333428737e-04 -4.12853413325e-04  1.62908857416e-03  1.30510322667e-03 -1.74156698915e-03  1.95096055210e-03  2.19596431628e-03
 3.26636428979e-03 -6.65014975097e-04  5.20389155313e-05  2.73075635829e-03 -2.61390050690e-03  1.47795762461e-03 -2.10386912896e-03  9.09747734784e-04  1.72175909729e-03 -1.04216324257e-03  6.40447029777e-03  8.16425001023e-02  1.02127371199e-02  8.07150771165e-03  2.19281726326e-03  3.77235659604e-03 -1.76934763474e-03 -2.81478502657e-03  3.57397328817e-04 -1.10064440736e-04  2.62937712315e-03 -1.97919711158e-03  7.87692661432e-04  1.05755303692e-03 -1.70467738007e-03  4.15339914599e-04 -2.14441913993e-03 -1.49808015031e-03 -2.25358506898e-04  4.27088674495e-03  2.17115600955e-03  7.82257203514e-04  1.95705036706e-04  4.43143968642e-04 -1.31620445562e-04  2.14773657482e-03  4.66749733415e-04  1.39970554315e-03 -6.78693004311e-04  2.02292380689e-03 -3.55686203224e-03 -1.45664782782e-03 -1.18722490596e-03 -5.40611936583e-04 -3.39116524149e-03  2.63147160908e-03 -5.20890544436e-04  4.13646324558e-03 -2.79008482743e-03 -3.69411400976e-03  5.70734497676e-04 -2.34771293881e-04 -1.61431615097e-03  1.32308530562e-03 -2.89152962190e-03  2.90038472141e-03  7.93243646405e-04 -3.49566563918e-03  2.45566354188e-03  3.74184356545e-04  3.86778623372e-03  2.40457469987e-03  8.55765840061e-04  1.61558371118e-03  1.23597261735e-03  3.06951953783e-03 -3.40066824889e-03  1.44184759030e-03 -4.61899742237e-03 -4.49282887648e-04  2.35126749524e-03  1.43288219283e-03 -2.62441095816e-03 -2.68793239695e-03 -2.58702893693e-04 -1.40788135551e-03  1.10268638305e-03 -3.18479473620e-03  2.75551507654e-03 -1.97075321323e-04 -1.23821613234e-03 -1.20750297587e-04 -1.29368681067e-03  1.76443438564e-03 -1.70976375464e-04  4.17648351417e-04  2.81628001286e-04 -1.47963977572e-03  3.37454776779e-04  8.32672373394e-04  1.83988287781e-03  1.28986778027e-03  3.50272632514e-04  1.51156182160e-04  2.97870621029e-03  2.00113799341e-03 -1.15550056574e-03 -7.35831751776e-05 -2.29407722685e-03  2.19349573578e-03  1.56583788101e-03  1.50072719149e-03 -1.19626532349e-03  2.15258165260e-03 -1.39118494089e-03 -2.03682498409e-03  9.12843852178e-04  3.55290153557e-03  3.15996516276e-03  3.67050134610e-03 -1.55303315151e-03  1.44252092472e-03  2.30291182251e-03  3.70808535637e-03  3.78640273505e-03  2.68914607630e-04  1.13143046963e-03  9.03068790416e-04  4.05397425160e-04  1.07656485286e-03  7.14199879428e-04  2.91736911734e-03 -2.09172218271e-03  3.00941029016e-03  4.58792511517e-03  1.17683445927e-03 -1.21626694269e-03 -1.83055850496e-03
 4.14049790591e-03  7.88070311101e-04 -2.27951053308e-04  1.20614505054e-03 -1.32991641424e-03 -1.39818518196e-03  1.12951789322e-03  3.45683781482e-03 -3.45678294457e-04  1.91100872412e-03 -1.95197060971e-03  1.02127371199e-02  1.14730616847e-01  3.19547563186e-03 -1.85519460749e-03  4.88978309342e-03  1.34563206977e-03 -3.45345472898e-03  3.13909637070e-03 -2.42523870948e-03  1.91568241881e-03 -4.54733629301e-03  3.87933405693e-03 -7.51924075671e-04  1.27984746076e-03  3.13769421191e-03  2.84842461911e-03  7.49105221464e-04  4.25402868346e-03 -3.47458477244e-03  5.37679737600e-04 -2.71432491934e-03 -4.65071804759e-03 -2.85631964550e-03 -2.50244633925e-03  6.78308646012e-04  1.12260638701e-03 -4.61094383696e-03  8.90633276162e-04  4.78187051124e-03 -8.23286195568e-03 -1.55952912200e-03 -4.04742079896e-03 -1.04484615636e-03 -6.65503448854e-03  5.00409779655e-03  1.96467853730e-04  8.32229626295e-04 -3.70821551984e-03 -3.35629806160e-03 -4.95509752813e-03  1.61417640627e-03 -1.38174180833e-03 -1.00261232168e-03  1.60949661202e-03  2.59978415852e-03  3.02638992061e-03 -1.44705846495e-04  2.63104034658e-03  2.28599821491e-03  5.47143118952e-04  9.61744819927e-04  2.46594270414e-03 -3.40433591791e-03  1.26888551928e-03 -1.75139458181e-03  5.74601913874e-04 -1.35231980653e-03  1.28640396244e-03 -1.49925424670e-03  1.57817205757e-04  5.77106255997e-03 -1.07981241503e-03 -3.35344060567e-03 -1.50687163952e-03  3.85342317174e-03  2.11086270903e-03 -4.36050354901e-04 -3.35783245875e-03 -6.99156771933e-04  2.81862294577e-03 -5.51640589155e-03  7.71135007409e-04  2.35847637377e-04 -4.25486306367e-03 -2.71812727230e-03  1.77958323905e-03  1.81426038264e-03  6.89504247895e-04 -2.18518954834e-03 -1.76693524031e-03  6.37236859981e-03 -2.75449211814e-03  9.61944797198e-04 -9.25564907364e-04 -3.44338733964e-04 -3.78320488242e-03 -2.56930348309e-03  9.91335582604e-04  1.35791566429e-03  5.08942104238e-03  1.32410437749e-03 -4.44663158095e-03 -3.32679130178e-03 -4.33781680130e-03 -3.71529666420e-03 -3.72546557065e-03  6.04898461873e-03  4.97259250030e-03  4.39729495563e-05 -9.81916293171e-04 -3.43119255847e-03 -3.66016703164e-03  4.68926585379e-03  2.41800931247e-03 -1.23785452229e-03  2.35342378902e-03 -1.60573499032e-03 -5.65533185125e-04 -2.61620813910e-03 -3.84945603498e-04 -3.62977971385e-05 -2.49079978758e-03 -2.93277292374e-04 -3.76999034085e-03 -1.94016515478e-03 -1.90404547644e-03 -1.65370951489e-03
-2.95196393237e-03  2.57336462525e-03  1.42878959306e-03  1.74071931661e-03 -2.40032421159e-03 -5.28865964310e-04 -1.42544193871e-03 -1.18887182082e-03 -8.66900574250e-04  2.04727244354e-03 -1.29085192421e-03  8.07150771165e-03  3.19547563186e-03  7.14965905380e-02 -5.76170359088e-03  3.92401965703e-03 -9.13138533678e-03 -1.83648294819e-03  1.68183082293e-03 -5.42687359135e-04  3.38956028496e-03  4.94956073185e-04  4.95203725633e-04  1.78710200589e-03 -2.85278857430e-04  1.25708155488e-03 -3.24359368579e-03 -3.53909861366e-03  4.56594128323e-04  3.89922441113e-04  2.59031361160e-04 -1.92767341649e-03  2.28001477517e-03 -2.19060122024e-03 -3.63929947561e-04  4.93562235297e-04  1.87687851120e-04  2.24627158127e-03 -3.96933533027e-03  1.69118399427e-03 -2.63904289808e-03  3.39000314396e-04 -1.20704083295e-03 -3.94846864220e-04 -1.35190581210e-03  3.80625084808e-04 -4.74647144359e-04  2.32968859237e-03  6.13327388389e-04 -7.37007288659e-04 -6.77621817152e-04  1.47439671225e-03  3.22677727508e-04  3.52172565829e-04  3.37058923841e-05 -1.13252243716e-03 -1.09350317805e-03 -1.79558611607e-03  2.22213609665e-03 -2.16895712910e-03 -1.96247464971e-04  3.73775163979e-03 -1.69164651677e-03  3.92318685633e-04  1.77810517776e-03  2.70626347204e-03 -2.99729615545e-03 -1.50008508422e-03 -5.97077682706e-03 -5.51058435761e-04 -1.15378116446e-03  7.74211819488e-04 -3.17903941018e-03  1.64685066920e-03 -1.77840200106e-03 -1.11477577215e-03  7.41570223315e-04  1.37481777216e-03 -6.41152305135e-04  1.01788954940e-04 -2.26738229283e-04  5.64780819928e-04  1.55547972730e-04  2.15499710313e-03  2.82772079539e-03  2.88455732744e-04 -1.05266706988e-03  1.25705230908e-03  1.24824016270e-03  1.20145187768e-03 -1.95403435174e-03  3.06148251789e-03  1.70839388926e-04  4.37942898173e-04  1.39753447501e-03 -1.89944193967e-03 -7.88483459858e-04 -1.08811722117e-03  1.14044843179e-03 -2.14170662308e-03 -6.70439126354e-04  9.90203114903e-04 -1.73033590838e-03  6.07648583559e-04 -3.53007935273e-03 -1.77291121249e-04  1.77970366048e-03  5.99370747362e-04  1.93821048795e-03 -3.21616362518e-03 -2.81053908992e-03  1.87195557743e-03 -1.92876023563e-03  1.41892882271e-03  1.69590089157e-03 -1.08362514696e-03  9.18106438717e-04 -8.60006944195e-04 -2.59455489529e-03 -1.39195974425e-03 -1.23478185504e-03 -2.46443693480e-03  3.20471091748e-03 -5.04798633692e-03  3.40173456403e-04  2.70914604689e-03  2.65321084434e-04 -9.84868863366e-04
 1.77532659783e-03 -3.50008745508e-03  2.43778713978e-03 -1.19808585275e-03  2.14940804321e-03  9.66942477620e-05  2.73890643487e-03 -3.27062767822e-04 -4.30561109757e-04 -2.93300148433e-03  2.13573421508e-03  2.19281726326e-03 -1.85519460749e-03 -5.76170359088e-03  7.32221153734e-02 -1.30478927683e-03  1.16030457607e-02  5.39355065062e-03 -1.49654734616e-03  2.02483401047e-04  7.07653013637e-04 -2.23809636228e-03  6.50861154462e-05  2.19692558601e-04  4.43943506230e-03  1.19388992599e-03  1.21608563526e-03  3.66038584564e-04 -1.70457151956e-03 -2.12436641329e-03 -1.25845949057e-03  2.85706340646e-04  5.00731841895e-04  1.18954278403e-03  1.10055552620e-03 -1.93986682610e-03 -2.41770529436e-03  6.37283926155e-05 -1.43813149942e-03 -4.93786178632e-04  4.00421132234e-03 -4.25467398002e-04  1.76541169493e-03 -7.04360999862e-04  2.08098009695e-03  5.78811881379e-04  1.80964482271e-04 -2.64305899234e-04 -5.76349008712e-04 -1.24784900010e-03  1.64211219738e-03  1.99617685811e-04 -1.82997349821e-05  4.19146911079e-03 -3.10237288442e-03 -1.21427565350e-03  1.23444341445e-03  1.44736534471e-04 -2.19770982887e-03 -2.54743149542e-03  2.20403704816e-03  2.28768727057e-03  1.18292785518e-03  1.88112152341e-03 -1.21676741954e-03 -3.04167232118e-03 -2.13475760502e-03  1.16366545199e-03 -1.56282588854e-03 -3.39140883599e-05 -1.28308591260e-03 -1.74550912137e-03  1.64080391089e-03  5.42605451195e-03  3.15999755419e-04 -3.21927640578e-03 -1.98034603615e-03 -2.29074851136e-03  6.87362496060e-04  1.43940614817e-03 -4.17704872833e-03  1.30951523862e-03 -2.05298299294e-03  2.14578139324e-04 -9.32986469535e-04  3.63875095513e-03 -4.88802290839e-04 -1.16624998156e-04 -1.11559638480e-03 -3.45740554356e-05  8.24720206150e-04 -2.63061212044e-03  1.68193844071e-03  2.23225022174e-03 -2.00119249211e-04  3.39850332251e-03  2.15719656444e-03  2.48995517406e-03 -7.32606388336e-04 -7.21874946210e-04 -8.30437391965e-04  1.20546500731e-03  1.07919006320e-03 -1.48098673410e-03  3.51447493386e-03  1.64998087246e-04  1.78658715050e-03 -2.67650542261e-03 -4.07495442786e-03  5.36216788142e-04 -2.41706500267e-03  9.61658176950e-04 -5.25312635863e-04  3.10615275697e-03  1.37798819695e-03 -1.46159266001e-03  2.43917784860e-03  1.89569968576e-03  4.02556199736e-03  1.57492738166e-03  5.72089491144e-04 -6.24743027261e-04  6.83146420762e-04 -8.42379203798e-05 -1.58088008695e-03  1.29588634967e-03  3.56580981762e-04  2.64602995374e-03
-4.49509800116e-03 -3.84336867703e-04  2.59752324997e-04 -9.48148988610e-04  2.61149655691e-05 -1.25153359679e-03 -2.41919988345e-03  1.94009959400e-03  5.29436346161e-05  5.94110689365e-04  1.46426412190e-03  3.77235659604e-03  4.88978309342e-03  3.92401965703e-03 -1.30478927683e-03  7.65532848743e-02  5.44543930903e-03 -1.20674841605e-02  1.43335871219e-02 -1.87035519207e-03 -2.55799927065e-03  1.98160821076e-04 -2.67682767702e-03  1.42117515788e-03 -1.93093105066e-03  2.49802602212e-03  4.46161266457e-04 -3.51313893636e-03 -5.39143602537e-04 -7.85321138030e-04 -2.14754946494e-03 -5.65773795097e-03  8.19045794761e-04 -8.30857929715e-04 -6.24486251507e-03 -3.08224230824e-04  1.57817274327e-03  1.96326867580e-03 -2.02559874333e-03 -6.03297655932e-04 -2.19286509017e-03  1.34129809194e-03  1.41699962770e-03 -1.63829811039e-03 -6.60981810692e-03  8.01678860008e-04 -1.06034234481e-04 -3.10796005394e-03 -4.02611009258e-04 -2.96802600221e-03 -5.54366714328e-03  7.80404042755e-04 -2.05814169113e-03 -1.53164783328e-03  1.08499256645e-03 -2.76401449469e-04  1.60434246447e-03  1.22060857206e-03  1.60374720033e-03 -4.77731399301e-04 -3.70597893365e-04 -2.84691486859e-04  9.38600322898e-04 -4.55269214343e-04 -5.25530338602e-03 -6.87777432112e-05 -2.21871734266e-03 -3.43622137606e-03  1.47699579044e-03  2.63173649244e-03 -2.19388465898e-03  1.86072201956e-03  2.11821065335e-03 -2.44691897733e-04 -9.07509228185e-04 -7.25036525400e-04  3.26788333390e-04 -3.48401210039e-03  3.63623621039e-04  1.94841499732e-03 -1.18907820530e-03 -3.33763894609e-03 -2.58513670624e-03 -1.62621099484e-04 -4.13656690715e-03 -1.10865836395e-03  1.30800484707e-03 -1.05152545432e-03  3.47550171635e-04 -7.23879509966e-04 -2.55411906324e-03 -1.39073965793e-03 -1.05238473742e-03 -3.86262861728e-03  2.34689396758e-03  8.66397293899e-04  3.54446828724e-03  1.25188150326e-03  1.55090471277e-03 -8.77042572929e-05 -1.71267317205e-03  3.83354068656e-03 -1.00437103585e-03  1.70017325334e-04 -3.71523617007e-03  2.28010377299e-03 -1.36472169233e-03  7.95135452466e-04 -1.32341686135e-03  3.66089719748e-04  1.72498352258e-03 -1.18547644798e-03  4.20184048967e-03 -1.18301379028e-03  1.89448329215e-03  2.11617713194e-04 -3.53754128782e-04  1.70930419835e-03  5.54103221557e-04  1.78993252180e-04  1.23648024216e-03  2.23109952463e-04 -3.06943853088e-04  1.73110295463e-03 -3.02147376526e-03 -7.53873887174e-05  5.31536241040e-03 -1.90089626053e-03
